timestamp,value,DCGM_FI_DRIVER_VERSION,Hostname,UUID,device,gpu,instance,job,modelName
2026-02-10 11:34:33.844,14962.0,580.95.05,dcgm-exporter-ql757,GPU-b2272d68-21df-f504-eceb-3621e0c49ba3,nvidia0,0,10.244.49.66:9400,dcgm-exporter,NVIDIA A16
2026-02-10 11:34:38.844,14962.0,580.95.05,dcgm-exporter-ql757,GPU-b2272d68-21df-f504-eceb-3621e0c49ba3,nvidia0,0,10.244.49.66:9400,dcgm-exporter,NVIDIA A16
2026-02-10 11:34:43.844,14962.0,580.95.05,dcgm-exporter-ql757,GPU-b2272d68-21df-f504-eceb-3621e0c49ba3,nvidia0,0,10.244.49.66:9400,dcgm-exporter,NVIDIA A16
2026-02-10 11:34:48.844,14962.0,580.95.05,dcgm-exporter-ql757,GPU-b2272d68-21df-f504-eceb-3621e0c49ba3,nvidia0,0,10.244.49.66:9400,dcgm-exporter,NVIDIA A16
2026-02-10 11:34:53.844,14962.0,580.95.05,dcgm-exporter-ql757,GPU-b2272d68-21df-f504-eceb-3621e0c49ba3,nvidia0,0,10.244.49.66:9400,dcgm-exporter,NVIDIA A16
2026-02-10 11:34:58.844,14962.0,580.95.05,dcgm-exporter-ql757,GPU-b2272d68-21df-f504-eceb-3621e0c49ba3,nvidia0,0,10.244.49.66:9400,dcgm-exporter,NVIDIA A16
2026-02-10 11:35:03.844,14962.0,580.95.05,dcgm-exporter-ql757,GPU-b2272d68-21df-f504-eceb-3621e0c49ba3,nvidia0,0,10.244.49.66:9400,dcgm-exporter,NVIDIA A16
2026-02-10 11:35:08.844,14962.0,580.95.05,dcgm-exporter-ql757,GPU-b2272d68-21df-f504-eceb-3621e0c49ba3,nvidia0,0,10.244.49.66:9400,dcgm-exporter,NVIDIA A16
2026-02-10 11:35:13.844,14962.0,580.95.05,dcgm-exporter-ql757,GPU-b2272d68-21df-f504-eceb-3621e0c49ba3,nvidia0,0,10.244.49.66:9400,dcgm-exporter,NVIDIA A16
2026-02-10 11:35:18.844,14962.0,580.95.05,dcgm-exporter-ql757,GPU-b2272d68-21df-f504-eceb-3621e0c49ba3,nvidia0,0,10.244.49.66:9400,dcgm-exporter,NVIDIA A16
2026-02-10 11:35:23.844,14962.0,580.95.05,dcgm-exporter-ql757,GPU-b2272d68-21df-f504-eceb-3621e0c49ba3,nvidia0,0,10.244.49.66:9400,dcgm-exporter,NVIDIA A16
2026-02-10 11:35:28.844,14962.0,580.95.05,dcgm-exporter-ql757,GPU-b2272d68-21df-f504-eceb-3621e0c49ba3,nvidia0,0,10.244.49.66:9400,dcgm-exporter,NVIDIA A16
2026-02-10 11:35:33.844,14962.0,580.95.05,dcgm-exporter-ql757,GPU-b2272d68-21df-f504-eceb-3621e0c49ba3,nvidia0,0,10.244.49.66:9400,dcgm-exporter,NVIDIA A16
2026-02-10 11:35:38.844,14962.0,580.95.05,dcgm-exporter-ql757,GPU-b2272d68-21df-f504-eceb-3621e0c49ba3,nvidia0,0,10.244.49.66:9400,dcgm-exporter,NVIDIA A16
2026-02-10 11:35:43.844,14962.0,580.95.05,dcgm-exporter-ql757,GPU-b2272d68-21df-f504-eceb-3621e0c49ba3,nvidia0,0,10.244.49.66:9400,dcgm-exporter,NVIDIA A16
2026-02-10 11:35:48.844,14962.0,580.95.05,dcgm-exporter-ql757,GPU-b2272d68-21df-f504-eceb-3621e0c49ba3,nvidia0,0,10.244.49.66:9400,dcgm-exporter,NVIDIA A16
2026-02-10 11:35:53.844,14962.0,580.95.05,dcgm-exporter-ql757,GPU-b2272d68-21df-f504-eceb-3621e0c49ba3,nvidia0,0,10.244.49.66:9400,dcgm-exporter,NVIDIA A16
2026-02-10 11:35:58.844,14962.0,580.95.05,dcgm-exporter-ql757,GPU-b2272d68-21df-f504-eceb-3621e0c49ba3,nvidia0,0,10.244.49.66:9400,dcgm-exporter,NVIDIA A16
2026-02-10 11:36:03.844,14962.0,580.95.05,dcgm-exporter-ql757,GPU-b2272d68-21df-f504-eceb-3621e0c49ba3,nvidia0,0,10.244.49.66:9400,dcgm-exporter,NVIDIA A16
2026-02-10 11:36:08.844,14962.0,580.95.05,dcgm-exporter-ql757,GPU-b2272d68-21df-f504-eceb-3621e0c49ba3,nvidia0,0,10.244.49.66:9400,dcgm-exporter,NVIDIA A16
2026-02-10 11:36:13.844,14962.0,580.95.05,dcgm-exporter-ql757,GPU-b2272d68-21df-f504-eceb-3621e0c49ba3,nvidia0,0,10.244.49.66:9400,dcgm-exporter,NVIDIA A16
2026-02-10 11:36:18.844,14962.0,580.95.05,dcgm-exporter-ql757,GPU-b2272d68-21df-f504-eceb-3621e0c49ba3,nvidia0,0,10.244.49.66:9400,dcgm-exporter,NVIDIA A16
2026-02-10 11:36:23.844,14962.0,580.95.05,dcgm-exporter-ql757,GPU-b2272d68-21df-f504-eceb-3621e0c49ba3,nvidia0,0,10.244.49.66:9400,dcgm-exporter,NVIDIA A16
2026-02-10 11:36:28.844,14962.0,580.95.05,dcgm-exporter-ql757,GPU-b2272d68-21df-f504-eceb-3621e0c49ba3,nvidia0,0,10.244.49.66:9400,dcgm-exporter,NVIDIA A16
2026-02-10 11:36:33.844,14962.0,580.95.05,dcgm-exporter-ql757,GPU-b2272d68-21df-f504-eceb-3621e0c49ba3,nvidia0,0,10.244.49.66:9400,dcgm-exporter,NVIDIA A16
2026-02-10 11:36:38.844,14962.0,580.95.05,dcgm-exporter-ql757,GPU-b2272d68-21df-f504-eceb-3621e0c49ba3,nvidia0,0,10.244.49.66:9400,dcgm-exporter,NVIDIA A16
2026-02-10 11:36:43.844,14962.0,580.95.05,dcgm-exporter-ql757,GPU-b2272d68-21df-f504-eceb-3621e0c49ba3,nvidia0,0,10.244.49.66:9400,dcgm-exporter,NVIDIA A16
2026-02-10 11:36:48.844,14962.0,580.95.05,dcgm-exporter-ql757,GPU-b2272d68-21df-f504-eceb-3621e0c49ba3,nvidia0,0,10.244.49.66:9400,dcgm-exporter,NVIDIA A16
2026-02-10 11:36:53.844,14962.0,580.95.05,dcgm-exporter-ql757,GPU-b2272d68-21df-f504-eceb-3621e0c49ba3,nvidia0,0,10.244.49.66:9400,dcgm-exporter,NVIDIA A16
2026-02-10 11:36:58.844,14962.0,580.95.05,dcgm-exporter-ql757,GPU-b2272d68-21df-f504-eceb-3621e0c49ba3,nvidia0,0,10.244.49.66:9400,dcgm-exporter,NVIDIA A16
2026-02-10 11:37:03.844,14962.0,580.95.05,dcgm-exporter-ql757,GPU-b2272d68-21df-f504-eceb-3621e0c49ba3,nvidia0,0,10.244.49.66:9400,dcgm-exporter,NVIDIA A16
2026-02-10 11:37:08.844,14962.0,580.95.05,dcgm-exporter-ql757,GPU-b2272d68-21df-f504-eceb-3621e0c49ba3,nvidia0,0,10.244.49.66:9400,dcgm-exporter,NVIDIA A16
2026-02-10 11:37:13.844,14962.0,580.95.05,dcgm-exporter-ql757,GPU-b2272d68-21df-f504-eceb-3621e0c49ba3,nvidia0,0,10.244.49.66:9400,dcgm-exporter,NVIDIA A16
2026-02-10 11:37:18.844,14962.0,580.95.05,dcgm-exporter-ql757,GPU-b2272d68-21df-f504-eceb-3621e0c49ba3,nvidia0,0,10.244.49.66:9400,dcgm-exporter,NVIDIA A16
2026-02-10 11:37:23.844,14962.0,580.95.05,dcgm-exporter-ql757,GPU-b2272d68-21df-f504-eceb-3621e0c49ba3,nvidia0,0,10.244.49.66:9400,dcgm-exporter,NVIDIA A16
2026-02-10 11:37:28.844,14962.0,580.95.05,dcgm-exporter-ql757,GPU-b2272d68-21df-f504-eceb-3621e0c49ba3,nvidia0,0,10.244.49.66:9400,dcgm-exporter,NVIDIA A16
2026-02-10 11:37:33.844,14962.0,580.95.05,dcgm-exporter-ql757,GPU-b2272d68-21df-f504-eceb-3621e0c49ba3,nvidia0,0,10.244.49.66:9400,dcgm-exporter,NVIDIA A16
2026-02-10 11:37:38.844,14962.0,580.95.05,dcgm-exporter-ql757,GPU-b2272d68-21df-f504-eceb-3621e0c49ba3,nvidia0,0,10.244.49.66:9400,dcgm-exporter,NVIDIA A16
2026-02-10 11:37:43.844,14962.0,580.95.05,dcgm-exporter-ql757,GPU-b2272d68-21df-f504-eceb-3621e0c49ba3,nvidia0,0,10.244.49.66:9400,dcgm-exporter,NVIDIA A16
2026-02-10 11:37:48.844,14962.0,580.95.05,dcgm-exporter-ql757,GPU-b2272d68-21df-f504-eceb-3621e0c49ba3,nvidia0,0,10.244.49.66:9400,dcgm-exporter,NVIDIA A16
2026-02-10 11:37:53.844,14962.0,580.95.05,dcgm-exporter-ql757,GPU-b2272d68-21df-f504-eceb-3621e0c49ba3,nvidia0,0,10.244.49.66:9400,dcgm-exporter,NVIDIA A16
2026-02-10 11:37:58.844,14962.0,580.95.05,dcgm-exporter-ql757,GPU-b2272d68-21df-f504-eceb-3621e0c49ba3,nvidia0,0,10.244.49.66:9400,dcgm-exporter,NVIDIA A16
2026-02-10 11:38:03.844,14962.0,580.95.05,dcgm-exporter-ql757,GPU-b2272d68-21df-f504-eceb-3621e0c49ba3,nvidia0,0,10.244.49.66:9400,dcgm-exporter,NVIDIA A16
2026-02-10 11:38:08.844,14962.0,580.95.05,dcgm-exporter-ql757,GPU-b2272d68-21df-f504-eceb-3621e0c49ba3,nvidia0,0,10.244.49.66:9400,dcgm-exporter,NVIDIA A16
2026-02-10 11:38:13.844,14962.0,580.95.05,dcgm-exporter-ql757,GPU-b2272d68-21df-f504-eceb-3621e0c49ba3,nvidia0,0,10.244.49.66:9400,dcgm-exporter,NVIDIA A16
2026-02-10 11:38:18.844,14962.0,580.95.05,dcgm-exporter-ql757,GPU-b2272d68-21df-f504-eceb-3621e0c49ba3,nvidia0,0,10.244.49.66:9400,dcgm-exporter,NVIDIA A16
2026-02-10 11:38:23.844,14962.0,580.95.05,dcgm-exporter-ql757,GPU-b2272d68-21df-f504-eceb-3621e0c49ba3,nvidia0,0,10.244.49.66:9400,dcgm-exporter,NVIDIA A16
2026-02-10 11:38:28.844,14962.0,580.95.05,dcgm-exporter-ql757,GPU-b2272d68-21df-f504-eceb-3621e0c49ba3,nvidia0,0,10.244.49.66:9400,dcgm-exporter,NVIDIA A16
2026-02-10 11:38:33.844,14962.0,580.95.05,dcgm-exporter-ql757,GPU-b2272d68-21df-f504-eceb-3621e0c49ba3,nvidia0,0,10.244.49.66:9400,dcgm-exporter,NVIDIA A16
2026-02-10 11:38:38.844,14962.0,580.95.05,dcgm-exporter-ql757,GPU-b2272d68-21df-f504-eceb-3621e0c49ba3,nvidia0,0,10.244.49.66:9400,dcgm-exporter,NVIDIA A16
2026-02-10 11:38:43.844,14962.0,580.95.05,dcgm-exporter-ql757,GPU-b2272d68-21df-f504-eceb-3621e0c49ba3,nvidia0,0,10.244.49.66:9400,dcgm-exporter,NVIDIA A16
2026-02-10 11:38:48.844,14962.0,580.95.05,dcgm-exporter-ql757,GPU-b2272d68-21df-f504-eceb-3621e0c49ba3,nvidia0,0,10.244.49.66:9400,dcgm-exporter,NVIDIA A16
2026-02-10 11:38:53.844,14962.0,580.95.05,dcgm-exporter-ql757,GPU-b2272d68-21df-f504-eceb-3621e0c49ba3,nvidia0,0,10.244.49.66:9400,dcgm-exporter,NVIDIA A16
2026-02-10 11:38:58.844,14962.0,580.95.05,dcgm-exporter-ql757,GPU-b2272d68-21df-f504-eceb-3621e0c49ba3,nvidia0,0,10.244.49.66:9400,dcgm-exporter,NVIDIA A16
2026-02-10 11:39:03.844,14962.0,580.95.05,dcgm-exporter-ql757,GPU-b2272d68-21df-f504-eceb-3621e0c49ba3,nvidia0,0,10.244.49.66:9400,dcgm-exporter,NVIDIA A16
2026-02-10 11:39:08.844,14962.0,580.95.05,dcgm-exporter-ql757,GPU-b2272d68-21df-f504-eceb-3621e0c49ba3,nvidia0,0,10.244.49.66:9400,dcgm-exporter,NVIDIA A16
2026-02-10 11:39:13.844,14962.0,580.95.05,dcgm-exporter-ql757,GPU-b2272d68-21df-f504-eceb-3621e0c49ba3,nvidia0,0,10.244.49.66:9400,dcgm-exporter,NVIDIA A16
2026-02-10 11:39:18.844,14962.0,580.95.05,dcgm-exporter-ql757,GPU-b2272d68-21df-f504-eceb-3621e0c49ba3,nvidia0,0,10.244.49.66:9400,dcgm-exporter,NVIDIA A16
2026-02-10 11:39:23.844,14962.0,580.95.05,dcgm-exporter-ql757,GPU-b2272d68-21df-f504-eceb-3621e0c49ba3,nvidia0,0,10.244.49.66:9400,dcgm-exporter,NVIDIA A16
2026-02-10 11:39:28.844,14962.0,580.95.05,dcgm-exporter-ql757,GPU-b2272d68-21df-f504-eceb-3621e0c49ba3,nvidia0,0,10.244.49.66:9400,dcgm-exporter,NVIDIA A16
2026-02-10 11:39:33.844,14962.0,580.95.05,dcgm-exporter-ql757,GPU-b2272d68-21df-f504-eceb-3621e0c49ba3,nvidia0,0,10.244.49.66:9400,dcgm-exporter,NVIDIA A16
2026-02-10 11:39:38.844,14962.0,580.95.05,dcgm-exporter-ql757,GPU-b2272d68-21df-f504-eceb-3621e0c49ba3,nvidia0,0,10.244.49.66:9400,dcgm-exporter,NVIDIA A16
2026-02-10 11:39:43.844,14962.0,580.95.05,dcgm-exporter-ql757,GPU-b2272d68-21df-f504-eceb-3621e0c49ba3,nvidia0,0,10.244.49.66:9400,dcgm-exporter,NVIDIA A16
2026-02-10 11:39:48.844,14962.0,580.95.05,dcgm-exporter-ql757,GPU-b2272d68-21df-f504-eceb-3621e0c49ba3,nvidia0,0,10.244.49.66:9400,dcgm-exporter,NVIDIA A16
2026-02-10 11:39:53.844,14962.0,580.95.05,dcgm-exporter-ql757,GPU-b2272d68-21df-f504-eceb-3621e0c49ba3,nvidia0,0,10.244.49.66:9400,dcgm-exporter,NVIDIA A16
2026-02-10 11:39:58.844,14962.0,580.95.05,dcgm-exporter-ql757,GPU-b2272d68-21df-f504-eceb-3621e0c49ba3,nvidia0,0,10.244.49.66:9400,dcgm-exporter,NVIDIA A16
2026-02-10 11:40:03.844,14962.0,580.95.05,dcgm-exporter-ql757,GPU-b2272d68-21df-f504-eceb-3621e0c49ba3,nvidia0,0,10.244.49.66:9400,dcgm-exporter,NVIDIA A16
2026-02-10 11:40:08.844,14962.0,580.95.05,dcgm-exporter-ql757,GPU-b2272d68-21df-f504-eceb-3621e0c49ba3,nvidia0,0,10.244.49.66:9400,dcgm-exporter,NVIDIA A16
2026-02-10 11:40:13.844,14962.0,580.95.05,dcgm-exporter-ql757,GPU-b2272d68-21df-f504-eceb-3621e0c49ba3,nvidia0,0,10.244.49.66:9400,dcgm-exporter,NVIDIA A16
2026-02-10 11:40:18.844,14962.0,580.95.05,dcgm-exporter-ql757,GPU-b2272d68-21df-f504-eceb-3621e0c49ba3,nvidia0,0,10.244.49.66:9400,dcgm-exporter,NVIDIA A16
2026-02-10 11:40:23.844,14962.0,580.95.05,dcgm-exporter-ql757,GPU-b2272d68-21df-f504-eceb-3621e0c49ba3,nvidia0,0,10.244.49.66:9400,dcgm-exporter,NVIDIA A16
2026-02-10 11:40:28.844,14962.0,580.95.05,dcgm-exporter-ql757,GPU-b2272d68-21df-f504-eceb-3621e0c49ba3,nvidia0,0,10.244.49.66:9400,dcgm-exporter,NVIDIA A16
2026-02-10 11:40:33.844,14962.0,580.95.05,dcgm-exporter-ql757,GPU-b2272d68-21df-f504-eceb-3621e0c49ba3,nvidia0,0,10.244.49.66:9400,dcgm-exporter,NVIDIA A16
2026-02-10 11:40:38.844,14962.0,580.95.05,dcgm-exporter-ql757,GPU-b2272d68-21df-f504-eceb-3621e0c49ba3,nvidia0,0,10.244.49.66:9400,dcgm-exporter,NVIDIA A16
2026-02-10 11:40:43.844,14962.0,580.95.05,dcgm-exporter-ql757,GPU-b2272d68-21df-f504-eceb-3621e0c49ba3,nvidia0,0,10.244.49.66:9400,dcgm-exporter,NVIDIA A16
2026-02-10 11:40:48.844,14962.0,580.95.05,dcgm-exporter-ql757,GPU-b2272d68-21df-f504-eceb-3621e0c49ba3,nvidia0,0,10.244.49.66:9400,dcgm-exporter,NVIDIA A16
2026-02-10 11:40:53.844,14962.0,580.95.05,dcgm-exporter-ql757,GPU-b2272d68-21df-f504-eceb-3621e0c49ba3,nvidia0,0,10.244.49.66:9400,dcgm-exporter,NVIDIA A16
2026-02-10 11:40:58.844,14962.0,580.95.05,dcgm-exporter-ql757,GPU-b2272d68-21df-f504-eceb-3621e0c49ba3,nvidia0,0,10.244.49.66:9400,dcgm-exporter,NVIDIA A16
2026-02-10 11:41:03.844,14962.0,580.95.05,dcgm-exporter-ql757,GPU-b2272d68-21df-f504-eceb-3621e0c49ba3,nvidia0,0,10.244.49.66:9400,dcgm-exporter,NVIDIA A16
2026-02-10 11:41:08.844,14962.0,580.95.05,dcgm-exporter-ql757,GPU-b2272d68-21df-f504-eceb-3621e0c49ba3,nvidia0,0,10.244.49.66:9400,dcgm-exporter,NVIDIA A16
2026-02-10 11:41:13.844,14962.0,580.95.05,dcgm-exporter-ql757,GPU-b2272d68-21df-f504-eceb-3621e0c49ba3,nvidia0,0,10.244.49.66:9400,dcgm-exporter,NVIDIA A16
2026-02-10 11:41:18.844,14962.0,580.95.05,dcgm-exporter-ql757,GPU-b2272d68-21df-f504-eceb-3621e0c49ba3,nvidia0,0,10.244.49.66:9400,dcgm-exporter,NVIDIA A16
2026-02-10 11:41:23.844,14962.0,580.95.05,dcgm-exporter-ql757,GPU-b2272d68-21df-f504-eceb-3621e0c49ba3,nvidia0,0,10.244.49.66:9400,dcgm-exporter,NVIDIA A16
2026-02-10 11:41:28.844,14962.0,580.95.05,dcgm-exporter-ql757,GPU-b2272d68-21df-f504-eceb-3621e0c49ba3,nvidia0,0,10.244.49.66:9400,dcgm-exporter,NVIDIA A16
2026-02-10 11:41:33.844,14962.0,580.95.05,dcgm-exporter-ql757,GPU-b2272d68-21df-f504-eceb-3621e0c49ba3,nvidia0,0,10.244.49.66:9400,dcgm-exporter,NVIDIA A16
2026-02-10 11:41:38.844,14962.0,580.95.05,dcgm-exporter-ql757,GPU-b2272d68-21df-f504-eceb-3621e0c49ba3,nvidia0,0,10.244.49.66:9400,dcgm-exporter,NVIDIA A16
2026-02-10 11:41:43.844,14962.0,580.95.05,dcgm-exporter-ql757,GPU-b2272d68-21df-f504-eceb-3621e0c49ba3,nvidia0,0,10.244.49.66:9400,dcgm-exporter,NVIDIA A16
2026-02-10 11:41:48.844,14962.0,580.95.05,dcgm-exporter-ql757,GPU-b2272d68-21df-f504-eceb-3621e0c49ba3,nvidia0,0,10.244.49.66:9400,dcgm-exporter,NVIDIA A16
2026-02-10 11:41:53.844,14962.0,580.95.05,dcgm-exporter-ql757,GPU-b2272d68-21df-f504-eceb-3621e0c49ba3,nvidia0,0,10.244.49.66:9400,dcgm-exporter,NVIDIA A16
2026-02-10 11:41:58.844,14962.0,580.95.05,dcgm-exporter-ql757,GPU-b2272d68-21df-f504-eceb-3621e0c49ba3,nvidia0,0,10.244.49.66:9400,dcgm-exporter,NVIDIA A16
2026-02-10 11:42:03.844,14962.0,580.95.05,dcgm-exporter-ql757,GPU-b2272d68-21df-f504-eceb-3621e0c49ba3,nvidia0,0,10.244.49.66:9400,dcgm-exporter,NVIDIA A16
2026-02-10 11:42:08.844,14962.0,580.95.05,dcgm-exporter-ql757,GPU-b2272d68-21df-f504-eceb-3621e0c49ba3,nvidia0,0,10.244.49.66:9400,dcgm-exporter,NVIDIA A16
2026-02-10 11:42:13.844,14962.0,580.95.05,dcgm-exporter-ql757,GPU-b2272d68-21df-f504-eceb-3621e0c49ba3,nvidia0,0,10.244.49.66:9400,dcgm-exporter,NVIDIA A16
2026-02-10 11:42:18.844,14962.0,580.95.05,dcgm-exporter-ql757,GPU-b2272d68-21df-f504-eceb-3621e0c49ba3,nvidia0,0,10.244.49.66:9400,dcgm-exporter,NVIDIA A16
2026-02-10 11:42:23.844,14962.0,580.95.05,dcgm-exporter-ql757,GPU-b2272d68-21df-f504-eceb-3621e0c49ba3,nvidia0,0,10.244.49.66:9400,dcgm-exporter,NVIDIA A16
2026-02-10 11:42:28.844,14962.0,580.95.05,dcgm-exporter-ql757,GPU-b2272d68-21df-f504-eceb-3621e0c49ba3,nvidia0,0,10.244.49.66:9400,dcgm-exporter,NVIDIA A16
2026-02-10 11:42:33.844,14962.0,580.95.05,dcgm-exporter-ql757,GPU-b2272d68-21df-f504-eceb-3621e0c49ba3,nvidia0,0,10.244.49.66:9400,dcgm-exporter,NVIDIA A16
2026-02-10 11:42:38.844,14962.0,580.95.05,dcgm-exporter-ql757,GPU-b2272d68-21df-f504-eceb-3621e0c49ba3,nvidia0,0,10.244.49.66:9400,dcgm-exporter,NVIDIA A16
2026-02-10 11:42:43.844,14962.0,580.95.05,dcgm-exporter-ql757,GPU-b2272d68-21df-f504-eceb-3621e0c49ba3,nvidia0,0,10.244.49.66:9400,dcgm-exporter,NVIDIA A16
2026-02-10 11:42:48.844,14962.0,580.95.05,dcgm-exporter-ql757,GPU-b2272d68-21df-f504-eceb-3621e0c49ba3,nvidia0,0,10.244.49.66:9400,dcgm-exporter,NVIDIA A16
2026-02-10 11:42:53.844,14962.0,580.95.05,dcgm-exporter-ql757,GPU-b2272d68-21df-f504-eceb-3621e0c49ba3,nvidia0,0,10.244.49.66:9400,dcgm-exporter,NVIDIA A16
2026-02-10 11:42:58.844,14962.0,580.95.05,dcgm-exporter-ql757,GPU-b2272d68-21df-f504-eceb-3621e0c49ba3,nvidia0,0,10.244.49.66:9400,dcgm-exporter,NVIDIA A16
2026-02-10 11:43:03.844,14962.0,580.95.05,dcgm-exporter-ql757,GPU-b2272d68-21df-f504-eceb-3621e0c49ba3,nvidia0,0,10.244.49.66:9400,dcgm-exporter,NVIDIA A16
2026-02-10 11:43:08.844,14962.0,580.95.05,dcgm-exporter-ql757,GPU-b2272d68-21df-f504-eceb-3621e0c49ba3,nvidia0,0,10.244.49.66:9400,dcgm-exporter,NVIDIA A16
2026-02-10 11:43:13.844,14962.0,580.95.05,dcgm-exporter-ql757,GPU-b2272d68-21df-f504-eceb-3621e0c49ba3,nvidia0,0,10.244.49.66:9400,dcgm-exporter,NVIDIA A16
2026-02-10 11:43:18.844,14962.0,580.95.05,dcgm-exporter-ql757,GPU-b2272d68-21df-f504-eceb-3621e0c49ba3,nvidia0,0,10.244.49.66:9400,dcgm-exporter,NVIDIA A16
2026-02-10 11:43:23.844,14962.0,580.95.05,dcgm-exporter-ql757,GPU-b2272d68-21df-f504-eceb-3621e0c49ba3,nvidia0,0,10.244.49.66:9400,dcgm-exporter,NVIDIA A16
2026-02-10 11:43:28.844,14962.0,580.95.05,dcgm-exporter-ql757,GPU-b2272d68-21df-f504-eceb-3621e0c49ba3,nvidia0,0,10.244.49.66:9400,dcgm-exporter,NVIDIA A16
2026-02-10 11:43:33.844,14962.0,580.95.05,dcgm-exporter-ql757,GPU-b2272d68-21df-f504-eceb-3621e0c49ba3,nvidia0,0,10.244.49.66:9400,dcgm-exporter,NVIDIA A16
2026-02-10 11:43:38.844,14962.0,580.95.05,dcgm-exporter-ql757,GPU-b2272d68-21df-f504-eceb-3621e0c49ba3,nvidia0,0,10.244.49.66:9400,dcgm-exporter,NVIDIA A16
2026-02-10 11:43:43.844,14962.0,580.95.05,dcgm-exporter-ql757,GPU-b2272d68-21df-f504-eceb-3621e0c49ba3,nvidia0,0,10.244.49.66:9400,dcgm-exporter,NVIDIA A16
2026-02-10 11:43:48.844,14962.0,580.95.05,dcgm-exporter-ql757,GPU-b2272d68-21df-f504-eceb-3621e0c49ba3,nvidia0,0,10.244.49.66:9400,dcgm-exporter,NVIDIA A16
2026-02-10 11:43:53.844,14962.0,580.95.05,dcgm-exporter-ql757,GPU-b2272d68-21df-f504-eceb-3621e0c49ba3,nvidia0,0,10.244.49.66:9400,dcgm-exporter,NVIDIA A16
2026-02-10 11:43:58.844,14962.0,580.95.05,dcgm-exporter-ql757,GPU-b2272d68-21df-f504-eceb-3621e0c49ba3,nvidia0,0,10.244.49.66:9400,dcgm-exporter,NVIDIA A16
2026-02-10 11:44:03.844,14962.0,580.95.05,dcgm-exporter-ql757,GPU-b2272d68-21df-f504-eceb-3621e0c49ba3,nvidia0,0,10.244.49.66:9400,dcgm-exporter,NVIDIA A16
2026-02-10 11:44:08.844,14962.0,580.95.05,dcgm-exporter-ql757,GPU-b2272d68-21df-f504-eceb-3621e0c49ba3,nvidia0,0,10.244.49.66:9400,dcgm-exporter,NVIDIA A16
2026-02-10 11:44:13.844,14962.0,580.95.05,dcgm-exporter-ql757,GPU-b2272d68-21df-f504-eceb-3621e0c49ba3,nvidia0,0,10.244.49.66:9400,dcgm-exporter,NVIDIA A16
2026-02-10 11:44:18.844,14962.0,580.95.05,dcgm-exporter-ql757,GPU-b2272d68-21df-f504-eceb-3621e0c49ba3,nvidia0,0,10.244.49.66:9400,dcgm-exporter,NVIDIA A16
2026-02-10 11:44:23.844,14962.0,580.95.05,dcgm-exporter-ql757,GPU-b2272d68-21df-f504-eceb-3621e0c49ba3,nvidia0,0,10.244.49.66:9400,dcgm-exporter,NVIDIA A16
2026-02-10 11:44:28.844,14962.0,580.95.05,dcgm-exporter-ql757,GPU-b2272d68-21df-f504-eceb-3621e0c49ba3,nvidia0,0,10.244.49.66:9400,dcgm-exporter,NVIDIA A16
2026-02-10 11:44:33.844,14962.0,580.95.05,dcgm-exporter-ql757,GPU-b2272d68-21df-f504-eceb-3621e0c49ba3,nvidia0,0,10.244.49.66:9400,dcgm-exporter,NVIDIA A16
2026-02-10 11:44:38.844,14962.0,580.95.05,dcgm-exporter-ql757,GPU-b2272d68-21df-f504-eceb-3621e0c49ba3,nvidia0,0,10.244.49.66:9400,dcgm-exporter,NVIDIA A16
2026-02-10 11:44:43.844,14962.0,580.95.05,dcgm-exporter-ql757,GPU-b2272d68-21df-f504-eceb-3621e0c49ba3,nvidia0,0,10.244.49.66:9400,dcgm-exporter,NVIDIA A16
2026-02-10 11:44:48.844,14962.0,580.95.05,dcgm-exporter-ql757,GPU-b2272d68-21df-f504-eceb-3621e0c49ba3,nvidia0,0,10.244.49.66:9400,dcgm-exporter,NVIDIA A16
2026-02-10 11:44:53.844,14962.0,580.95.05,dcgm-exporter-ql757,GPU-b2272d68-21df-f504-eceb-3621e0c49ba3,nvidia0,0,10.244.49.66:9400,dcgm-exporter,NVIDIA A16
2026-02-10 11:44:58.844,14962.0,580.95.05,dcgm-exporter-ql757,GPU-b2272d68-21df-f504-eceb-3621e0c49ba3,nvidia0,0,10.244.49.66:9400,dcgm-exporter,NVIDIA A16
2026-02-10 11:45:03.844,14962.0,580.95.05,dcgm-exporter-ql757,GPU-b2272d68-21df-f504-eceb-3621e0c49ba3,nvidia0,0,10.244.49.66:9400,dcgm-exporter,NVIDIA A16
2026-02-10 11:45:08.844,14962.0,580.95.05,dcgm-exporter-ql757,GPU-b2272d68-21df-f504-eceb-3621e0c49ba3,nvidia0,0,10.244.49.66:9400,dcgm-exporter,NVIDIA A16
2026-02-10 11:45:13.844,14962.0,580.95.05,dcgm-exporter-ql757,GPU-b2272d68-21df-f504-eceb-3621e0c49ba3,nvidia0,0,10.244.49.66:9400,dcgm-exporter,NVIDIA A16
2026-02-10 11:45:18.844,14962.0,580.95.05,dcgm-exporter-ql757,GPU-b2272d68-21df-f504-eceb-3621e0c49ba3,nvidia0,0,10.244.49.66:9400,dcgm-exporter,NVIDIA A16
2026-02-10 11:45:23.844,14962.0,580.95.05,dcgm-exporter-ql757,GPU-b2272d68-21df-f504-eceb-3621e0c49ba3,nvidia0,0,10.244.49.66:9400,dcgm-exporter,NVIDIA A16
2026-02-10 11:45:28.844,14962.0,580.95.05,dcgm-exporter-ql757,GPU-b2272d68-21df-f504-eceb-3621e0c49ba3,nvidia0,0,10.244.49.66:9400,dcgm-exporter,NVIDIA A16
2026-02-10 11:45:33.844,14962.0,580.95.05,dcgm-exporter-ql757,GPU-b2272d68-21df-f504-eceb-3621e0c49ba3,nvidia0,0,10.244.49.66:9400,dcgm-exporter,NVIDIA A16
2026-02-10 11:45:38.844,14962.0,580.95.05,dcgm-exporter-ql757,GPU-b2272d68-21df-f504-eceb-3621e0c49ba3,nvidia0,0,10.244.49.66:9400,dcgm-exporter,NVIDIA A16
2026-02-10 11:45:43.844,14962.0,580.95.05,dcgm-exporter-ql757,GPU-b2272d68-21df-f504-eceb-3621e0c49ba3,nvidia0,0,10.244.49.66:9400,dcgm-exporter,NVIDIA A16
2026-02-10 11:45:48.844,14962.0,580.95.05,dcgm-exporter-ql757,GPU-b2272d68-21df-f504-eceb-3621e0c49ba3,nvidia0,0,10.244.49.66:9400,dcgm-exporter,NVIDIA A16
2026-02-10 11:45:53.844,14962.0,580.95.05,dcgm-exporter-ql757,GPU-b2272d68-21df-f504-eceb-3621e0c49ba3,nvidia0,0,10.244.49.66:9400,dcgm-exporter,NVIDIA A16
2026-02-10 11:45:58.844,14962.0,580.95.05,dcgm-exporter-ql757,GPU-b2272d68-21df-f504-eceb-3621e0c49ba3,nvidia0,0,10.244.49.66:9400,dcgm-exporter,NVIDIA A16
2026-02-10 11:46:03.844,14962.0,580.95.05,dcgm-exporter-ql757,GPU-b2272d68-21df-f504-eceb-3621e0c49ba3,nvidia0,0,10.244.49.66:9400,dcgm-exporter,NVIDIA A16
2026-02-10 11:46:08.844,14962.0,580.95.05,dcgm-exporter-ql757,GPU-b2272d68-21df-f504-eceb-3621e0c49ba3,nvidia0,0,10.244.49.66:9400,dcgm-exporter,NVIDIA A16
2026-02-10 11:46:13.844,14962.0,580.95.05,dcgm-exporter-ql757,GPU-b2272d68-21df-f504-eceb-3621e0c49ba3,nvidia0,0,10.244.49.66:9400,dcgm-exporter,NVIDIA A16
2026-02-10 11:46:18.844,14962.0,580.95.05,dcgm-exporter-ql757,GPU-b2272d68-21df-f504-eceb-3621e0c49ba3,nvidia0,0,10.244.49.66:9400,dcgm-exporter,NVIDIA A16
2026-02-10 11:46:23.844,14962.0,580.95.05,dcgm-exporter-ql757,GPU-b2272d68-21df-f504-eceb-3621e0c49ba3,nvidia0,0,10.244.49.66:9400,dcgm-exporter,NVIDIA A16
2026-02-10 11:46:28.844,14962.0,580.95.05,dcgm-exporter-ql757,GPU-b2272d68-21df-f504-eceb-3621e0c49ba3,nvidia0,0,10.244.49.66:9400,dcgm-exporter,NVIDIA A16
2026-02-10 11:46:33.844,14962.0,580.95.05,dcgm-exporter-ql757,GPU-b2272d68-21df-f504-eceb-3621e0c49ba3,nvidia0,0,10.244.49.66:9400,dcgm-exporter,NVIDIA A16
2026-02-10 11:46:38.844,14962.0,580.95.05,dcgm-exporter-ql757,GPU-b2272d68-21df-f504-eceb-3621e0c49ba3,nvidia0,0,10.244.49.66:9400,dcgm-exporter,NVIDIA A16
2026-02-10 11:46:43.844,14962.0,580.95.05,dcgm-exporter-ql757,GPU-b2272d68-21df-f504-eceb-3621e0c49ba3,nvidia0,0,10.244.49.66:9400,dcgm-exporter,NVIDIA A16
2026-02-10 11:46:48.844,14962.0,580.95.05,dcgm-exporter-ql757,GPU-b2272d68-21df-f504-eceb-3621e0c49ba3,nvidia0,0,10.244.49.66:9400,dcgm-exporter,NVIDIA A16
2026-02-10 11:46:53.844,14962.0,580.95.05,dcgm-exporter-ql757,GPU-b2272d68-21df-f504-eceb-3621e0c49ba3,nvidia0,0,10.244.49.66:9400,dcgm-exporter,NVIDIA A16
2026-02-10 11:46:58.844,14962.0,580.95.05,dcgm-exporter-ql757,GPU-b2272d68-21df-f504-eceb-3621e0c49ba3,nvidia0,0,10.244.49.66:9400,dcgm-exporter,NVIDIA A16
2026-02-10 11:47:03.844,14962.0,580.95.05,dcgm-exporter-ql757,GPU-b2272d68-21df-f504-eceb-3621e0c49ba3,nvidia0,0,10.244.49.66:9400,dcgm-exporter,NVIDIA A16
2026-02-10 11:47:08.844,14962.0,580.95.05,dcgm-exporter-ql757,GPU-b2272d68-21df-f504-eceb-3621e0c49ba3,nvidia0,0,10.244.49.66:9400,dcgm-exporter,NVIDIA A16
2026-02-10 11:47:13.844,14962.0,580.95.05,dcgm-exporter-ql757,GPU-b2272d68-21df-f504-eceb-3621e0c49ba3,nvidia0,0,10.244.49.66:9400,dcgm-exporter,NVIDIA A16
2026-02-10 11:47:18.844,14962.0,580.95.05,dcgm-exporter-ql757,GPU-b2272d68-21df-f504-eceb-3621e0c49ba3,nvidia0,0,10.244.49.66:9400,dcgm-exporter,NVIDIA A16
2026-02-10 11:47:23.844,14962.0,580.95.05,dcgm-exporter-ql757,GPU-b2272d68-21df-f504-eceb-3621e0c49ba3,nvidia0,0,10.244.49.66:9400,dcgm-exporter,NVIDIA A16
2026-02-10 11:47:28.844,14962.0,580.95.05,dcgm-exporter-ql757,GPU-b2272d68-21df-f504-eceb-3621e0c49ba3,nvidia0,0,10.244.49.66:9400,dcgm-exporter,NVIDIA A16
2026-02-10 11:47:33.844,14962.0,580.95.05,dcgm-exporter-ql757,GPU-b2272d68-21df-f504-eceb-3621e0c49ba3,nvidia0,0,10.244.49.66:9400,dcgm-exporter,NVIDIA A16
2026-02-10 11:47:38.844,14962.0,580.95.05,dcgm-exporter-ql757,GPU-b2272d68-21df-f504-eceb-3621e0c49ba3,nvidia0,0,10.244.49.66:9400,dcgm-exporter,NVIDIA A16
2026-02-10 11:47:43.844,14962.0,580.95.05,dcgm-exporter-ql757,GPU-b2272d68-21df-f504-eceb-3621e0c49ba3,nvidia0,0,10.244.49.66:9400,dcgm-exporter,NVIDIA A16
2026-02-10 11:47:48.844,14962.0,580.95.05,dcgm-exporter-ql757,GPU-b2272d68-21df-f504-eceb-3621e0c49ba3,nvidia0,0,10.244.49.66:9400,dcgm-exporter,NVIDIA A16
2026-02-10 11:47:53.844,14962.0,580.95.05,dcgm-exporter-ql757,GPU-b2272d68-21df-f504-eceb-3621e0c49ba3,nvidia0,0,10.244.49.66:9400,dcgm-exporter,NVIDIA A16
2026-02-10 11:47:58.844,14962.0,580.95.05,dcgm-exporter-ql757,GPU-b2272d68-21df-f504-eceb-3621e0c49ba3,nvidia0,0,10.244.49.66:9400,dcgm-exporter,NVIDIA A16
2026-02-10 11:48:03.844,14962.0,580.95.05,dcgm-exporter-ql757,GPU-b2272d68-21df-f504-eceb-3621e0c49ba3,nvidia0,0,10.244.49.66:9400,dcgm-exporter,NVIDIA A16
2026-02-10 11:48:08.844,14962.0,580.95.05,dcgm-exporter-ql757,GPU-b2272d68-21df-f504-eceb-3621e0c49ba3,nvidia0,0,10.244.49.66:9400,dcgm-exporter,NVIDIA A16
2026-02-10 11:48:13.844,14962.0,580.95.05,dcgm-exporter-ql757,GPU-b2272d68-21df-f504-eceb-3621e0c49ba3,nvidia0,0,10.244.49.66:9400,dcgm-exporter,NVIDIA A16
2026-02-10 11:48:18.844,14962.0,580.95.05,dcgm-exporter-ql757,GPU-b2272d68-21df-f504-eceb-3621e0c49ba3,nvidia0,0,10.244.49.66:9400,dcgm-exporter,NVIDIA A16
2026-02-10 11:48:23.844,14962.0,580.95.05,dcgm-exporter-ql757,GPU-b2272d68-21df-f504-eceb-3621e0c49ba3,nvidia0,0,10.244.49.66:9400,dcgm-exporter,NVIDIA A16
2026-02-10 11:48:28.844,14962.0,580.95.05,dcgm-exporter-ql757,GPU-b2272d68-21df-f504-eceb-3621e0c49ba3,nvidia0,0,10.244.49.66:9400,dcgm-exporter,NVIDIA A16
2026-02-10 11:48:33.844,14962.0,580.95.05,dcgm-exporter-ql757,GPU-b2272d68-21df-f504-eceb-3621e0c49ba3,nvidia0,0,10.244.49.66:9400,dcgm-exporter,NVIDIA A16
2026-02-10 11:48:38.844,14962.0,580.95.05,dcgm-exporter-ql757,GPU-b2272d68-21df-f504-eceb-3621e0c49ba3,nvidia0,0,10.244.49.66:9400,dcgm-exporter,NVIDIA A16
2026-02-10 11:48:43.844,14962.0,580.95.05,dcgm-exporter-ql757,GPU-b2272d68-21df-f504-eceb-3621e0c49ba3,nvidia0,0,10.244.49.66:9400,dcgm-exporter,NVIDIA A16
2026-02-10 11:48:48.844,14962.0,580.95.05,dcgm-exporter-ql757,GPU-b2272d68-21df-f504-eceb-3621e0c49ba3,nvidia0,0,10.244.49.66:9400,dcgm-exporter,NVIDIA A16
2026-02-10 11:48:53.844,14962.0,580.95.05,dcgm-exporter-ql757,GPU-b2272d68-21df-f504-eceb-3621e0c49ba3,nvidia0,0,10.244.49.66:9400,dcgm-exporter,NVIDIA A16
2026-02-10 11:48:58.844,14962.0,580.95.05,dcgm-exporter-ql757,GPU-b2272d68-21df-f504-eceb-3621e0c49ba3,nvidia0,0,10.244.49.66:9400,dcgm-exporter,NVIDIA A16
2026-02-10 11:49:03.844,14962.0,580.95.05,dcgm-exporter-ql757,GPU-b2272d68-21df-f504-eceb-3621e0c49ba3,nvidia0,0,10.244.49.66:9400,dcgm-exporter,NVIDIA A16
2026-02-10 11:49:08.844,14962.0,580.95.05,dcgm-exporter-ql757,GPU-b2272d68-21df-f504-eceb-3621e0c49ba3,nvidia0,0,10.244.49.66:9400,dcgm-exporter,NVIDIA A16
2026-02-10 11:49:13.844,14962.0,580.95.05,dcgm-exporter-ql757,GPU-b2272d68-21df-f504-eceb-3621e0c49ba3,nvidia0,0,10.244.49.66:9400,dcgm-exporter,NVIDIA A16
2026-02-10 11:49:18.844,14962.0,580.95.05,dcgm-exporter-ql757,GPU-b2272d68-21df-f504-eceb-3621e0c49ba3,nvidia0,0,10.244.49.66:9400,dcgm-exporter,NVIDIA A16
2026-02-10 11:49:23.844,14962.0,580.95.05,dcgm-exporter-ql757,GPU-b2272d68-21df-f504-eceb-3621e0c49ba3,nvidia0,0,10.244.49.66:9400,dcgm-exporter,NVIDIA A16
2026-02-10 11:49:28.844,14962.0,580.95.05,dcgm-exporter-ql757,GPU-b2272d68-21df-f504-eceb-3621e0c49ba3,nvidia0,0,10.244.49.66:9400,dcgm-exporter,NVIDIA A16
2026-02-10 11:49:33.844,14962.0,580.95.05,dcgm-exporter-ql757,GPU-b2272d68-21df-f504-eceb-3621e0c49ba3,nvidia0,0,10.244.49.66:9400,dcgm-exporter,NVIDIA A16
2026-02-10 11:49:38.844,14962.0,580.95.05,dcgm-exporter-ql757,GPU-b2272d68-21df-f504-eceb-3621e0c49ba3,nvidia0,0,10.244.49.66:9400,dcgm-exporter,NVIDIA A16
2026-02-10 11:49:43.844,14962.0,580.95.05,dcgm-exporter-ql757,GPU-b2272d68-21df-f504-eceb-3621e0c49ba3,nvidia0,0,10.244.49.66:9400,dcgm-exporter,NVIDIA A16
2026-02-10 11:49:48.844,14962.0,580.95.05,dcgm-exporter-ql757,GPU-b2272d68-21df-f504-eceb-3621e0c49ba3,nvidia0,0,10.244.49.66:9400,dcgm-exporter,NVIDIA A16
2026-02-10 11:49:53.844,14962.0,580.95.05,dcgm-exporter-ql757,GPU-b2272d68-21df-f504-eceb-3621e0c49ba3,nvidia0,0,10.244.49.66:9400,dcgm-exporter,NVIDIA A16
2026-02-10 11:49:58.844,14962.0,580.95.05,dcgm-exporter-ql757,GPU-b2272d68-21df-f504-eceb-3621e0c49ba3,nvidia0,0,10.244.49.66:9400,dcgm-exporter,NVIDIA A16
2026-02-10 11:50:03.844,14962.0,580.95.05,dcgm-exporter-ql757,GPU-b2272d68-21df-f504-eceb-3621e0c49ba3,nvidia0,0,10.244.49.66:9400,dcgm-exporter,NVIDIA A16
2026-02-10 11:50:08.844,14962.0,580.95.05,dcgm-exporter-ql757,GPU-b2272d68-21df-f504-eceb-3621e0c49ba3,nvidia0,0,10.244.49.66:9400,dcgm-exporter,NVIDIA A16
2026-02-10 11:50:13.844,14962.0,580.95.05,dcgm-exporter-ql757,GPU-b2272d68-21df-f504-eceb-3621e0c49ba3,nvidia0,0,10.244.49.66:9400,dcgm-exporter,NVIDIA A16
2026-02-10 11:50:18.844,14962.0,580.95.05,dcgm-exporter-ql757,GPU-b2272d68-21df-f504-eceb-3621e0c49ba3,nvidia0,0,10.244.49.66:9400,dcgm-exporter,NVIDIA A16
2026-02-10 11:50:23.844,14962.0,580.95.05,dcgm-exporter-ql757,GPU-b2272d68-21df-f504-eceb-3621e0c49ba3,nvidia0,0,10.244.49.66:9400,dcgm-exporter,NVIDIA A16
2026-02-10 11:50:28.844,14962.0,580.95.05,dcgm-exporter-ql757,GPU-b2272d68-21df-f504-eceb-3621e0c49ba3,nvidia0,0,10.244.49.66:9400,dcgm-exporter,NVIDIA A16
2026-02-10 11:50:33.844,14962.0,580.95.05,dcgm-exporter-ql757,GPU-b2272d68-21df-f504-eceb-3621e0c49ba3,nvidia0,0,10.244.49.66:9400,dcgm-exporter,NVIDIA A16
2026-02-10 11:50:38.844,14962.0,580.95.05,dcgm-exporter-ql757,GPU-b2272d68-21df-f504-eceb-3621e0c49ba3,nvidia0,0,10.244.49.66:9400,dcgm-exporter,NVIDIA A16
2026-02-10 11:50:43.844,14962.0,580.95.05,dcgm-exporter-ql757,GPU-b2272d68-21df-f504-eceb-3621e0c49ba3,nvidia0,0,10.244.49.66:9400,dcgm-exporter,NVIDIA A16
2026-02-10 11:50:48.844,14962.0,580.95.05,dcgm-exporter-ql757,GPU-b2272d68-21df-f504-eceb-3621e0c49ba3,nvidia0,0,10.244.49.66:9400,dcgm-exporter,NVIDIA A16
2026-02-10 11:50:53.844,14962.0,580.95.05,dcgm-exporter-ql757,GPU-b2272d68-21df-f504-eceb-3621e0c49ba3,nvidia0,0,10.244.49.66:9400,dcgm-exporter,NVIDIA A16
2026-02-10 11:50:58.844,14962.0,580.95.05,dcgm-exporter-ql757,GPU-b2272d68-21df-f504-eceb-3621e0c49ba3,nvidia0,0,10.244.49.66:9400,dcgm-exporter,NVIDIA A16
2026-02-10 11:51:03.844,14962.0,580.95.05,dcgm-exporter-ql757,GPU-b2272d68-21df-f504-eceb-3621e0c49ba3,nvidia0,0,10.244.49.66:9400,dcgm-exporter,NVIDIA A16
2026-02-10 11:51:08.844,14962.0,580.95.05,dcgm-exporter-ql757,GPU-b2272d68-21df-f504-eceb-3621e0c49ba3,nvidia0,0,10.244.49.66:9400,dcgm-exporter,NVIDIA A16
2026-02-10 11:51:13.844,14962.0,580.95.05,dcgm-exporter-ql757,GPU-b2272d68-21df-f504-eceb-3621e0c49ba3,nvidia0,0,10.244.49.66:9400,dcgm-exporter,NVIDIA A16
2026-02-10 11:51:18.844,14962.0,580.95.05,dcgm-exporter-ql757,GPU-b2272d68-21df-f504-eceb-3621e0c49ba3,nvidia0,0,10.244.49.66:9400,dcgm-exporter,NVIDIA A16
2026-02-10 11:51:23.844,14962.0,580.95.05,dcgm-exporter-ql757,GPU-b2272d68-21df-f504-eceb-3621e0c49ba3,nvidia0,0,10.244.49.66:9400,dcgm-exporter,NVIDIA A16
2026-02-10 11:51:28.844,14962.0,580.95.05,dcgm-exporter-ql757,GPU-b2272d68-21df-f504-eceb-3621e0c49ba3,nvidia0,0,10.244.49.66:9400,dcgm-exporter,NVIDIA A16
2026-02-10 11:51:33.844,14962.0,580.95.05,dcgm-exporter-ql757,GPU-b2272d68-21df-f504-eceb-3621e0c49ba3,nvidia0,0,10.244.49.66:9400,dcgm-exporter,NVIDIA A16
2026-02-10 11:51:38.844,14962.0,580.95.05,dcgm-exporter-ql757,GPU-b2272d68-21df-f504-eceb-3621e0c49ba3,nvidia0,0,10.244.49.66:9400,dcgm-exporter,NVIDIA A16
2026-02-10 11:51:43.844,14962.0,580.95.05,dcgm-exporter-ql757,GPU-b2272d68-21df-f504-eceb-3621e0c49ba3,nvidia0,0,10.244.49.66:9400,dcgm-exporter,NVIDIA A16
2026-02-10 11:51:48.844,14962.0,580.95.05,dcgm-exporter-ql757,GPU-b2272d68-21df-f504-eceb-3621e0c49ba3,nvidia0,0,10.244.49.66:9400,dcgm-exporter,NVIDIA A16
2026-02-10 11:51:53.844,14962.0,580.95.05,dcgm-exporter-ql757,GPU-b2272d68-21df-f504-eceb-3621e0c49ba3,nvidia0,0,10.244.49.66:9400,dcgm-exporter,NVIDIA A16
2026-02-10 11:51:58.844,14962.0,580.95.05,dcgm-exporter-ql757,GPU-b2272d68-21df-f504-eceb-3621e0c49ba3,nvidia0,0,10.244.49.66:9400,dcgm-exporter,NVIDIA A16
2026-02-10 11:52:03.844,14962.0,580.95.05,dcgm-exporter-ql757,GPU-b2272d68-21df-f504-eceb-3621e0c49ba3,nvidia0,0,10.244.49.66:9400,dcgm-exporter,NVIDIA A16
2026-02-10 11:52:08.844,14962.0,580.95.05,dcgm-exporter-ql757,GPU-b2272d68-21df-f504-eceb-3621e0c49ba3,nvidia0,0,10.244.49.66:9400,dcgm-exporter,NVIDIA A16
2026-02-10 11:52:13.844,14962.0,580.95.05,dcgm-exporter-ql757,GPU-b2272d68-21df-f504-eceb-3621e0c49ba3,nvidia0,0,10.244.49.66:9400,dcgm-exporter,NVIDIA A16
2026-02-10 11:52:18.844,14962.0,580.95.05,dcgm-exporter-ql757,GPU-b2272d68-21df-f504-eceb-3621e0c49ba3,nvidia0,0,10.244.49.66:9400,dcgm-exporter,NVIDIA A16
2026-02-10 11:52:23.844,14962.0,580.95.05,dcgm-exporter-ql757,GPU-b2272d68-21df-f504-eceb-3621e0c49ba3,nvidia0,0,10.244.49.66:9400,dcgm-exporter,NVIDIA A16
2026-02-10 11:52:28.844,14962.0,580.95.05,dcgm-exporter-ql757,GPU-b2272d68-21df-f504-eceb-3621e0c49ba3,nvidia0,0,10.244.49.66:9400,dcgm-exporter,NVIDIA A16
2026-02-10 11:52:33.844,14962.0,580.95.05,dcgm-exporter-ql757,GPU-b2272d68-21df-f504-eceb-3621e0c49ba3,nvidia0,0,10.244.49.66:9400,dcgm-exporter,NVIDIA A16
2026-02-10 11:52:38.844,14962.0,580.95.05,dcgm-exporter-ql757,GPU-b2272d68-21df-f504-eceb-3621e0c49ba3,nvidia0,0,10.244.49.66:9400,dcgm-exporter,NVIDIA A16
2026-02-10 11:52:43.844,14962.0,580.95.05,dcgm-exporter-ql757,GPU-b2272d68-21df-f504-eceb-3621e0c49ba3,nvidia0,0,10.244.49.66:9400,dcgm-exporter,NVIDIA A16
2026-02-10 11:52:48.844,14962.0,580.95.05,dcgm-exporter-ql757,GPU-b2272d68-21df-f504-eceb-3621e0c49ba3,nvidia0,0,10.244.49.66:9400,dcgm-exporter,NVIDIA A16
2026-02-10 11:52:53.844,14962.0,580.95.05,dcgm-exporter-ql757,GPU-b2272d68-21df-f504-eceb-3621e0c49ba3,nvidia0,0,10.244.49.66:9400,dcgm-exporter,NVIDIA A16
2026-02-10 11:52:58.844,14962.0,580.95.05,dcgm-exporter-ql757,GPU-b2272d68-21df-f504-eceb-3621e0c49ba3,nvidia0,0,10.244.49.66:9400,dcgm-exporter,NVIDIA A16
2026-02-10 11:53:03.844,14962.0,580.95.05,dcgm-exporter-ql757,GPU-b2272d68-21df-f504-eceb-3621e0c49ba3,nvidia0,0,10.244.49.66:9400,dcgm-exporter,NVIDIA A16
2026-02-10 11:53:08.844,14962.0,580.95.05,dcgm-exporter-ql757,GPU-b2272d68-21df-f504-eceb-3621e0c49ba3,nvidia0,0,10.244.49.66:9400,dcgm-exporter,NVIDIA A16
2026-02-10 11:53:13.844,14962.0,580.95.05,dcgm-exporter-ql757,GPU-b2272d68-21df-f504-eceb-3621e0c49ba3,nvidia0,0,10.244.49.66:9400,dcgm-exporter,NVIDIA A16
2026-02-10 11:53:18.844,14962.0,580.95.05,dcgm-exporter-ql757,GPU-b2272d68-21df-f504-eceb-3621e0c49ba3,nvidia0,0,10.244.49.66:9400,dcgm-exporter,NVIDIA A16
2026-02-10 11:53:23.844,14962.0,580.95.05,dcgm-exporter-ql757,GPU-b2272d68-21df-f504-eceb-3621e0c49ba3,nvidia0,0,10.244.49.66:9400,dcgm-exporter,NVIDIA A16
2026-02-10 11:53:28.844,14962.0,580.95.05,dcgm-exporter-ql757,GPU-b2272d68-21df-f504-eceb-3621e0c49ba3,nvidia0,0,10.244.49.66:9400,dcgm-exporter,NVIDIA A16
2026-02-10 11:53:33.844,14962.0,580.95.05,dcgm-exporter-ql757,GPU-b2272d68-21df-f504-eceb-3621e0c49ba3,nvidia0,0,10.244.49.66:9400,dcgm-exporter,NVIDIA A16
2026-02-10 11:53:38.844,14962.0,580.95.05,dcgm-exporter-ql757,GPU-b2272d68-21df-f504-eceb-3621e0c49ba3,nvidia0,0,10.244.49.66:9400,dcgm-exporter,NVIDIA A16
2026-02-10 11:53:43.844,14962.0,580.95.05,dcgm-exporter-ql757,GPU-b2272d68-21df-f504-eceb-3621e0c49ba3,nvidia0,0,10.244.49.66:9400,dcgm-exporter,NVIDIA A16
2026-02-10 11:53:48.844,14962.0,580.95.05,dcgm-exporter-ql757,GPU-b2272d68-21df-f504-eceb-3621e0c49ba3,nvidia0,0,10.244.49.66:9400,dcgm-exporter,NVIDIA A16
2026-02-10 11:53:53.844,14962.0,580.95.05,dcgm-exporter-ql757,GPU-b2272d68-21df-f504-eceb-3621e0c49ba3,nvidia0,0,10.244.49.66:9400,dcgm-exporter,NVIDIA A16
2026-02-10 11:53:58.844,14962.0,580.95.05,dcgm-exporter-ql757,GPU-b2272d68-21df-f504-eceb-3621e0c49ba3,nvidia0,0,10.244.49.66:9400,dcgm-exporter,NVIDIA A16
2026-02-10 11:54:03.844,14962.0,580.95.05,dcgm-exporter-ql757,GPU-b2272d68-21df-f504-eceb-3621e0c49ba3,nvidia0,0,10.244.49.66:9400,dcgm-exporter,NVIDIA A16
2026-02-10 11:54:08.844,14962.0,580.95.05,dcgm-exporter-ql757,GPU-b2272d68-21df-f504-eceb-3621e0c49ba3,nvidia0,0,10.244.49.66:9400,dcgm-exporter,NVIDIA A16
2026-02-10 11:54:13.844,14962.0,580.95.05,dcgm-exporter-ql757,GPU-b2272d68-21df-f504-eceb-3621e0c49ba3,nvidia0,0,10.244.49.66:9400,dcgm-exporter,NVIDIA A16
2026-02-10 11:54:18.844,14962.0,580.95.05,dcgm-exporter-ql757,GPU-b2272d68-21df-f504-eceb-3621e0c49ba3,nvidia0,0,10.244.49.66:9400,dcgm-exporter,NVIDIA A16
2026-02-10 11:54:23.844,14962.0,580.95.05,dcgm-exporter-ql757,GPU-b2272d68-21df-f504-eceb-3621e0c49ba3,nvidia0,0,10.244.49.66:9400,dcgm-exporter,NVIDIA A16
2026-02-10 11:54:28.844,14962.0,580.95.05,dcgm-exporter-ql757,GPU-b2272d68-21df-f504-eceb-3621e0c49ba3,nvidia0,0,10.244.49.66:9400,dcgm-exporter,NVIDIA A16
2026-02-10 11:54:33.844,14962.0,580.95.05,dcgm-exporter-ql757,GPU-b2272d68-21df-f504-eceb-3621e0c49ba3,nvidia0,0,10.244.49.66:9400,dcgm-exporter,NVIDIA A16
2026-02-10 11:54:38.844,14962.0,580.95.05,dcgm-exporter-ql757,GPU-b2272d68-21df-f504-eceb-3621e0c49ba3,nvidia0,0,10.244.49.66:9400,dcgm-exporter,NVIDIA A16
2026-02-10 11:54:43.844,14962.0,580.95.05,dcgm-exporter-ql757,GPU-b2272d68-21df-f504-eceb-3621e0c49ba3,nvidia0,0,10.244.49.66:9400,dcgm-exporter,NVIDIA A16
2026-02-10 11:54:48.844,14962.0,580.95.05,dcgm-exporter-ql757,GPU-b2272d68-21df-f504-eceb-3621e0c49ba3,nvidia0,0,10.244.49.66:9400,dcgm-exporter,NVIDIA A16
2026-02-10 11:54:53.844,14962.0,580.95.05,dcgm-exporter-ql757,GPU-b2272d68-21df-f504-eceb-3621e0c49ba3,nvidia0,0,10.244.49.66:9400,dcgm-exporter,NVIDIA A16
2026-02-10 11:54:58.844,14962.0,580.95.05,dcgm-exporter-ql757,GPU-b2272d68-21df-f504-eceb-3621e0c49ba3,nvidia0,0,10.244.49.66:9400,dcgm-exporter,NVIDIA A16
2026-02-10 11:55:03.844,14962.0,580.95.05,dcgm-exporter-ql757,GPU-b2272d68-21df-f504-eceb-3621e0c49ba3,nvidia0,0,10.244.49.66:9400,dcgm-exporter,NVIDIA A16
2026-02-10 11:55:08.844,14962.0,580.95.05,dcgm-exporter-ql757,GPU-b2272d68-21df-f504-eceb-3621e0c49ba3,nvidia0,0,10.244.49.66:9400,dcgm-exporter,NVIDIA A16
2026-02-10 11:55:13.844,14962.0,580.95.05,dcgm-exporter-ql757,GPU-b2272d68-21df-f504-eceb-3621e0c49ba3,nvidia0,0,10.244.49.66:9400,dcgm-exporter,NVIDIA A16
2026-02-10 11:55:18.844,14962.0,580.95.05,dcgm-exporter-ql757,GPU-b2272d68-21df-f504-eceb-3621e0c49ba3,nvidia0,0,10.244.49.66:9400,dcgm-exporter,NVIDIA A16
2026-02-10 11:55:23.844,14962.0,580.95.05,dcgm-exporter-ql757,GPU-b2272d68-21df-f504-eceb-3621e0c49ba3,nvidia0,0,10.244.49.66:9400,dcgm-exporter,NVIDIA A16
2026-02-10 11:55:28.844,14962.0,580.95.05,dcgm-exporter-ql757,GPU-b2272d68-21df-f504-eceb-3621e0c49ba3,nvidia0,0,10.244.49.66:9400,dcgm-exporter,NVIDIA A16
2026-02-10 11:55:33.844,14962.0,580.95.05,dcgm-exporter-ql757,GPU-b2272d68-21df-f504-eceb-3621e0c49ba3,nvidia0,0,10.244.49.66:9400,dcgm-exporter,NVIDIA A16
2026-02-10 11:55:38.844,14962.0,580.95.05,dcgm-exporter-ql757,GPU-b2272d68-21df-f504-eceb-3621e0c49ba3,nvidia0,0,10.244.49.66:9400,dcgm-exporter,NVIDIA A16
2026-02-10 11:55:43.844,14962.0,580.95.05,dcgm-exporter-ql757,GPU-b2272d68-21df-f504-eceb-3621e0c49ba3,nvidia0,0,10.244.49.66:9400,dcgm-exporter,NVIDIA A16
2026-02-10 11:55:48.844,14962.0,580.95.05,dcgm-exporter-ql757,GPU-b2272d68-21df-f504-eceb-3621e0c49ba3,nvidia0,0,10.244.49.66:9400,dcgm-exporter,NVIDIA A16
2026-02-10 11:55:53.844,14962.0,580.95.05,dcgm-exporter-ql757,GPU-b2272d68-21df-f504-eceb-3621e0c49ba3,nvidia0,0,10.244.49.66:9400,dcgm-exporter,NVIDIA A16
2026-02-10 11:55:58.844,14962.0,580.95.05,dcgm-exporter-ql757,GPU-b2272d68-21df-f504-eceb-3621e0c49ba3,nvidia0,0,10.244.49.66:9400,dcgm-exporter,NVIDIA A16
2026-02-10 11:56:03.844,14962.0,580.95.05,dcgm-exporter-ql757,GPU-b2272d68-21df-f504-eceb-3621e0c49ba3,nvidia0,0,10.244.49.66:9400,dcgm-exporter,NVIDIA A16
2026-02-10 11:56:08.844,14962.0,580.95.05,dcgm-exporter-ql757,GPU-b2272d68-21df-f504-eceb-3621e0c49ba3,nvidia0,0,10.244.49.66:9400,dcgm-exporter,NVIDIA A16
2026-02-10 11:56:13.844,14962.0,580.95.05,dcgm-exporter-ql757,GPU-b2272d68-21df-f504-eceb-3621e0c49ba3,nvidia0,0,10.244.49.66:9400,dcgm-exporter,NVIDIA A16
2026-02-10 11:56:18.844,14962.0,580.95.05,dcgm-exporter-ql757,GPU-b2272d68-21df-f504-eceb-3621e0c49ba3,nvidia0,0,10.244.49.66:9400,dcgm-exporter,NVIDIA A16
2026-02-10 11:56:23.844,14962.0,580.95.05,dcgm-exporter-ql757,GPU-b2272d68-21df-f504-eceb-3621e0c49ba3,nvidia0,0,10.244.49.66:9400,dcgm-exporter,NVIDIA A16
2026-02-10 11:56:28.844,14962.0,580.95.05,dcgm-exporter-ql757,GPU-b2272d68-21df-f504-eceb-3621e0c49ba3,nvidia0,0,10.244.49.66:9400,dcgm-exporter,NVIDIA A16
2026-02-10 11:56:33.844,14962.0,580.95.05,dcgm-exporter-ql757,GPU-b2272d68-21df-f504-eceb-3621e0c49ba3,nvidia0,0,10.244.49.66:9400,dcgm-exporter,NVIDIA A16
2026-02-10 11:56:38.844,14962.0,580.95.05,dcgm-exporter-ql757,GPU-b2272d68-21df-f504-eceb-3621e0c49ba3,nvidia0,0,10.244.49.66:9400,dcgm-exporter,NVIDIA A16
2026-02-10 11:56:43.844,14962.0,580.95.05,dcgm-exporter-ql757,GPU-b2272d68-21df-f504-eceb-3621e0c49ba3,nvidia0,0,10.244.49.66:9400,dcgm-exporter,NVIDIA A16
2026-02-10 11:56:48.844,14962.0,580.95.05,dcgm-exporter-ql757,GPU-b2272d68-21df-f504-eceb-3621e0c49ba3,nvidia0,0,10.244.49.66:9400,dcgm-exporter,NVIDIA A16
2026-02-10 11:56:53.844,14962.0,580.95.05,dcgm-exporter-ql757,GPU-b2272d68-21df-f504-eceb-3621e0c49ba3,nvidia0,0,10.244.49.66:9400,dcgm-exporter,NVIDIA A16
2026-02-10 11:56:58.844,14962.0,580.95.05,dcgm-exporter-ql757,GPU-b2272d68-21df-f504-eceb-3621e0c49ba3,nvidia0,0,10.244.49.66:9400,dcgm-exporter,NVIDIA A16
2026-02-10 11:57:03.844,14962.0,580.95.05,dcgm-exporter-ql757,GPU-b2272d68-21df-f504-eceb-3621e0c49ba3,nvidia0,0,10.244.49.66:9400,dcgm-exporter,NVIDIA A16
2026-02-10 11:57:08.844,14962.0,580.95.05,dcgm-exporter-ql757,GPU-b2272d68-21df-f504-eceb-3621e0c49ba3,nvidia0,0,10.244.49.66:9400,dcgm-exporter,NVIDIA A16
2026-02-10 11:57:13.844,14962.0,580.95.05,dcgm-exporter-ql757,GPU-b2272d68-21df-f504-eceb-3621e0c49ba3,nvidia0,0,10.244.49.66:9400,dcgm-exporter,NVIDIA A16
2026-02-10 11:57:18.844,14962.0,580.95.05,dcgm-exporter-ql757,GPU-b2272d68-21df-f504-eceb-3621e0c49ba3,nvidia0,0,10.244.49.66:9400,dcgm-exporter,NVIDIA A16
2026-02-10 11:57:23.844,14962.0,580.95.05,dcgm-exporter-ql757,GPU-b2272d68-21df-f504-eceb-3621e0c49ba3,nvidia0,0,10.244.49.66:9400,dcgm-exporter,NVIDIA A16
2026-02-10 11:57:28.844,14962.0,580.95.05,dcgm-exporter-ql757,GPU-b2272d68-21df-f504-eceb-3621e0c49ba3,nvidia0,0,10.244.49.66:9400,dcgm-exporter,NVIDIA A16
2026-02-10 11:57:33.844,14962.0,580.95.05,dcgm-exporter-ql757,GPU-b2272d68-21df-f504-eceb-3621e0c49ba3,nvidia0,0,10.244.49.66:9400,dcgm-exporter,NVIDIA A16
2026-02-10 11:57:38.844,14962.0,580.95.05,dcgm-exporter-ql757,GPU-b2272d68-21df-f504-eceb-3621e0c49ba3,nvidia0,0,10.244.49.66:9400,dcgm-exporter,NVIDIA A16
2026-02-10 11:57:43.844,14962.0,580.95.05,dcgm-exporter-ql757,GPU-b2272d68-21df-f504-eceb-3621e0c49ba3,nvidia0,0,10.244.49.66:9400,dcgm-exporter,NVIDIA A16
2026-02-10 11:57:48.844,14962.0,580.95.05,dcgm-exporter-ql757,GPU-b2272d68-21df-f504-eceb-3621e0c49ba3,nvidia0,0,10.244.49.66:9400,dcgm-exporter,NVIDIA A16
2026-02-10 11:57:53.844,14962.0,580.95.05,dcgm-exporter-ql757,GPU-b2272d68-21df-f504-eceb-3621e0c49ba3,nvidia0,0,10.244.49.66:9400,dcgm-exporter,NVIDIA A16
2026-02-10 11:57:58.844,14962.0,580.95.05,dcgm-exporter-ql757,GPU-b2272d68-21df-f504-eceb-3621e0c49ba3,nvidia0,0,10.244.49.66:9400,dcgm-exporter,NVIDIA A16
2026-02-10 11:58:03.844,14962.0,580.95.05,dcgm-exporter-ql757,GPU-b2272d68-21df-f504-eceb-3621e0c49ba3,nvidia0,0,10.244.49.66:9400,dcgm-exporter,NVIDIA A16
2026-02-10 11:58:08.844,14962.0,580.95.05,dcgm-exporter-ql757,GPU-b2272d68-21df-f504-eceb-3621e0c49ba3,nvidia0,0,10.244.49.66:9400,dcgm-exporter,NVIDIA A16
2026-02-10 11:58:13.844,14962.0,580.95.05,dcgm-exporter-ql757,GPU-b2272d68-21df-f504-eceb-3621e0c49ba3,nvidia0,0,10.244.49.66:9400,dcgm-exporter,NVIDIA A16
2026-02-10 11:58:18.844,14962.0,580.95.05,dcgm-exporter-ql757,GPU-b2272d68-21df-f504-eceb-3621e0c49ba3,nvidia0,0,10.244.49.66:9400,dcgm-exporter,NVIDIA A16
2026-02-10 11:58:23.844,14962.0,580.95.05,dcgm-exporter-ql757,GPU-b2272d68-21df-f504-eceb-3621e0c49ba3,nvidia0,0,10.244.49.66:9400,dcgm-exporter,NVIDIA A16
2026-02-10 11:58:28.844,14962.0,580.95.05,dcgm-exporter-ql757,GPU-b2272d68-21df-f504-eceb-3621e0c49ba3,nvidia0,0,10.244.49.66:9400,dcgm-exporter,NVIDIA A16
2026-02-10 11:58:33.844,14962.0,580.95.05,dcgm-exporter-ql757,GPU-b2272d68-21df-f504-eceb-3621e0c49ba3,nvidia0,0,10.244.49.66:9400,dcgm-exporter,NVIDIA A16
2026-02-10 11:58:38.844,14962.0,580.95.05,dcgm-exporter-ql757,GPU-b2272d68-21df-f504-eceb-3621e0c49ba3,nvidia0,0,10.244.49.66:9400,dcgm-exporter,NVIDIA A16
2026-02-10 11:58:43.844,14962.0,580.95.05,dcgm-exporter-ql757,GPU-b2272d68-21df-f504-eceb-3621e0c49ba3,nvidia0,0,10.244.49.66:9400,dcgm-exporter,NVIDIA A16
2026-02-10 11:58:48.844,14962.0,580.95.05,dcgm-exporter-ql757,GPU-b2272d68-21df-f504-eceb-3621e0c49ba3,nvidia0,0,10.244.49.66:9400,dcgm-exporter,NVIDIA A16
2026-02-10 11:58:53.844,14962.0,580.95.05,dcgm-exporter-ql757,GPU-b2272d68-21df-f504-eceb-3621e0c49ba3,nvidia0,0,10.244.49.66:9400,dcgm-exporter,NVIDIA A16
2026-02-10 11:58:58.844,14962.0,580.95.05,dcgm-exporter-ql757,GPU-b2272d68-21df-f504-eceb-3621e0c49ba3,nvidia0,0,10.244.49.66:9400,dcgm-exporter,NVIDIA A16
2026-02-10 11:59:03.844,14962.0,580.95.05,dcgm-exporter-ql757,GPU-b2272d68-21df-f504-eceb-3621e0c49ba3,nvidia0,0,10.244.49.66:9400,dcgm-exporter,NVIDIA A16
2026-02-10 11:59:08.844,14962.0,580.95.05,dcgm-exporter-ql757,GPU-b2272d68-21df-f504-eceb-3621e0c49ba3,nvidia0,0,10.244.49.66:9400,dcgm-exporter,NVIDIA A16
2026-02-10 11:59:13.844,14962.0,580.95.05,dcgm-exporter-ql757,GPU-b2272d68-21df-f504-eceb-3621e0c49ba3,nvidia0,0,10.244.49.66:9400,dcgm-exporter,NVIDIA A16
2026-02-10 11:59:18.844,14962.0,580.95.05,dcgm-exporter-ql757,GPU-b2272d68-21df-f504-eceb-3621e0c49ba3,nvidia0,0,10.244.49.66:9400,dcgm-exporter,NVIDIA A16
2026-02-10 11:59:23.844,14962.0,580.95.05,dcgm-exporter-ql757,GPU-b2272d68-21df-f504-eceb-3621e0c49ba3,nvidia0,0,10.244.49.66:9400,dcgm-exporter,NVIDIA A16
2026-02-10 11:59:28.844,14962.0,580.95.05,dcgm-exporter-ql757,GPU-b2272d68-21df-f504-eceb-3621e0c49ba3,nvidia0,0,10.244.49.66:9400,dcgm-exporter,NVIDIA A16
2026-02-10 11:59:33.844,14962.0,580.95.05,dcgm-exporter-ql757,GPU-b2272d68-21df-f504-eceb-3621e0c49ba3,nvidia0,0,10.244.49.66:9400,dcgm-exporter,NVIDIA A16
2026-02-10 11:59:38.844,14962.0,580.95.05,dcgm-exporter-ql757,GPU-b2272d68-21df-f504-eceb-3621e0c49ba3,nvidia0,0,10.244.49.66:9400,dcgm-exporter,NVIDIA A16
2026-02-10 11:59:43.844,14962.0,580.95.05,dcgm-exporter-ql757,GPU-b2272d68-21df-f504-eceb-3621e0c49ba3,nvidia0,0,10.244.49.66:9400,dcgm-exporter,NVIDIA A16
2026-02-10 11:59:48.844,14962.0,580.95.05,dcgm-exporter-ql757,GPU-b2272d68-21df-f504-eceb-3621e0c49ba3,nvidia0,0,10.244.49.66:9400,dcgm-exporter,NVIDIA A16
2026-02-10 11:59:53.844,14962.0,580.95.05,dcgm-exporter-ql757,GPU-b2272d68-21df-f504-eceb-3621e0c49ba3,nvidia0,0,10.244.49.66:9400,dcgm-exporter,NVIDIA A16
2026-02-10 11:59:58.844,14962.0,580.95.05,dcgm-exporter-ql757,GPU-b2272d68-21df-f504-eceb-3621e0c49ba3,nvidia0,0,10.244.49.66:9400,dcgm-exporter,NVIDIA A16
2026-02-10 12:00:03.844,14962.0,580.95.05,dcgm-exporter-ql757,GPU-b2272d68-21df-f504-eceb-3621e0c49ba3,nvidia0,0,10.244.49.66:9400,dcgm-exporter,NVIDIA A16
2026-02-10 12:00:08.844,14962.0,580.95.05,dcgm-exporter-ql757,GPU-b2272d68-21df-f504-eceb-3621e0c49ba3,nvidia0,0,10.244.49.66:9400,dcgm-exporter,NVIDIA A16
2026-02-10 12:00:13.844,14962.0,580.95.05,dcgm-exporter-ql757,GPU-b2272d68-21df-f504-eceb-3621e0c49ba3,nvidia0,0,10.244.49.66:9400,dcgm-exporter,NVIDIA A16
2026-02-10 12:00:18.844,14962.0,580.95.05,dcgm-exporter-ql757,GPU-b2272d68-21df-f504-eceb-3621e0c49ba3,nvidia0,0,10.244.49.66:9400,dcgm-exporter,NVIDIA A16
2026-02-10 12:00:23.844,14962.0,580.95.05,dcgm-exporter-ql757,GPU-b2272d68-21df-f504-eceb-3621e0c49ba3,nvidia0,0,10.244.49.66:9400,dcgm-exporter,NVIDIA A16
2026-02-10 12:00:28.844,14962.0,580.95.05,dcgm-exporter-ql757,GPU-b2272d68-21df-f504-eceb-3621e0c49ba3,nvidia0,0,10.244.49.66:9400,dcgm-exporter,NVIDIA A16
2026-02-10 12:00:33.844,14962.0,580.95.05,dcgm-exporter-ql757,GPU-b2272d68-21df-f504-eceb-3621e0c49ba3,nvidia0,0,10.244.49.66:9400,dcgm-exporter,NVIDIA A16
2026-02-10 12:00:38.844,14962.0,580.95.05,dcgm-exporter-ql757,GPU-b2272d68-21df-f504-eceb-3621e0c49ba3,nvidia0,0,10.244.49.66:9400,dcgm-exporter,NVIDIA A16
2026-02-10 12:00:43.844,14962.0,580.95.05,dcgm-exporter-ql757,GPU-b2272d68-21df-f504-eceb-3621e0c49ba3,nvidia0,0,10.244.49.66:9400,dcgm-exporter,NVIDIA A16
2026-02-10 12:00:48.844,14962.0,580.95.05,dcgm-exporter-ql757,GPU-b2272d68-21df-f504-eceb-3621e0c49ba3,nvidia0,0,10.244.49.66:9400,dcgm-exporter,NVIDIA A16
2026-02-10 12:00:53.844,14962.0,580.95.05,dcgm-exporter-ql757,GPU-b2272d68-21df-f504-eceb-3621e0c49ba3,nvidia0,0,10.244.49.66:9400,dcgm-exporter,NVIDIA A16
2026-02-10 12:00:58.844,14962.0,580.95.05,dcgm-exporter-ql757,GPU-b2272d68-21df-f504-eceb-3621e0c49ba3,nvidia0,0,10.244.49.66:9400,dcgm-exporter,NVIDIA A16
2026-02-10 12:01:03.844,14962.0,580.95.05,dcgm-exporter-ql757,GPU-b2272d68-21df-f504-eceb-3621e0c49ba3,nvidia0,0,10.244.49.66:9400,dcgm-exporter,NVIDIA A16
2026-02-10 12:01:08.844,14962.0,580.95.05,dcgm-exporter-ql757,GPU-b2272d68-21df-f504-eceb-3621e0c49ba3,nvidia0,0,10.244.49.66:9400,dcgm-exporter,NVIDIA A16
2026-02-10 12:01:13.844,14962.0,580.95.05,dcgm-exporter-ql757,GPU-b2272d68-21df-f504-eceb-3621e0c49ba3,nvidia0,0,10.244.49.66:9400,dcgm-exporter,NVIDIA A16
2026-02-10 12:01:18.844,14962.0,580.95.05,dcgm-exporter-ql757,GPU-b2272d68-21df-f504-eceb-3621e0c49ba3,nvidia0,0,10.244.49.66:9400,dcgm-exporter,NVIDIA A16
2026-02-10 12:01:23.844,14962.0,580.95.05,dcgm-exporter-ql757,GPU-b2272d68-21df-f504-eceb-3621e0c49ba3,nvidia0,0,10.244.49.66:9400,dcgm-exporter,NVIDIA A16
2026-02-10 12:01:28.844,14962.0,580.95.05,dcgm-exporter-ql757,GPU-b2272d68-21df-f504-eceb-3621e0c49ba3,nvidia0,0,10.244.49.66:9400,dcgm-exporter,NVIDIA A16
2026-02-10 12:01:33.844,14962.0,580.95.05,dcgm-exporter-ql757,GPU-b2272d68-21df-f504-eceb-3621e0c49ba3,nvidia0,0,10.244.49.66:9400,dcgm-exporter,NVIDIA A16
2026-02-10 12:01:38.844,14962.0,580.95.05,dcgm-exporter-ql757,GPU-b2272d68-21df-f504-eceb-3621e0c49ba3,nvidia0,0,10.244.49.66:9400,dcgm-exporter,NVIDIA A16
2026-02-10 12:01:43.844,14962.0,580.95.05,dcgm-exporter-ql757,GPU-b2272d68-21df-f504-eceb-3621e0c49ba3,nvidia0,0,10.244.49.66:9400,dcgm-exporter,NVIDIA A16
2026-02-10 12:01:48.844,14962.0,580.95.05,dcgm-exporter-ql757,GPU-b2272d68-21df-f504-eceb-3621e0c49ba3,nvidia0,0,10.244.49.66:9400,dcgm-exporter,NVIDIA A16
2026-02-10 12:01:53.844,14962.0,580.95.05,dcgm-exporter-ql757,GPU-b2272d68-21df-f504-eceb-3621e0c49ba3,nvidia0,0,10.244.49.66:9400,dcgm-exporter,NVIDIA A16
2026-02-10 12:01:58.844,14962.0,580.95.05,dcgm-exporter-ql757,GPU-b2272d68-21df-f504-eceb-3621e0c49ba3,nvidia0,0,10.244.49.66:9400,dcgm-exporter,NVIDIA A16
2026-02-10 12:02:03.844,14962.0,580.95.05,dcgm-exporter-ql757,GPU-b2272d68-21df-f504-eceb-3621e0c49ba3,nvidia0,0,10.244.49.66:9400,dcgm-exporter,NVIDIA A16
2026-02-10 12:02:08.844,14962.0,580.95.05,dcgm-exporter-ql757,GPU-b2272d68-21df-f504-eceb-3621e0c49ba3,nvidia0,0,10.244.49.66:9400,dcgm-exporter,NVIDIA A16
2026-02-10 12:02:13.844,14962.0,580.95.05,dcgm-exporter-ql757,GPU-b2272d68-21df-f504-eceb-3621e0c49ba3,nvidia0,0,10.244.49.66:9400,dcgm-exporter,NVIDIA A16
2026-02-10 12:02:18.844,14962.0,580.95.05,dcgm-exporter-ql757,GPU-b2272d68-21df-f504-eceb-3621e0c49ba3,nvidia0,0,10.244.49.66:9400,dcgm-exporter,NVIDIA A16
2026-02-10 12:02:23.844,14962.0,580.95.05,dcgm-exporter-ql757,GPU-b2272d68-21df-f504-eceb-3621e0c49ba3,nvidia0,0,10.244.49.66:9400,dcgm-exporter,NVIDIA A16
2026-02-10 12:02:28.844,14962.0,580.95.05,dcgm-exporter-ql757,GPU-b2272d68-21df-f504-eceb-3621e0c49ba3,nvidia0,0,10.244.49.66:9400,dcgm-exporter,NVIDIA A16
2026-02-10 12:02:33.844,14962.0,580.95.05,dcgm-exporter-ql757,GPU-b2272d68-21df-f504-eceb-3621e0c49ba3,nvidia0,0,10.244.49.66:9400,dcgm-exporter,NVIDIA A16
2026-02-10 12:02:38.844,14962.0,580.95.05,dcgm-exporter-ql757,GPU-b2272d68-21df-f504-eceb-3621e0c49ba3,nvidia0,0,10.244.49.66:9400,dcgm-exporter,NVIDIA A16
2026-02-10 12:02:43.844,14962.0,580.95.05,dcgm-exporter-ql757,GPU-b2272d68-21df-f504-eceb-3621e0c49ba3,nvidia0,0,10.244.49.66:9400,dcgm-exporter,NVIDIA A16
2026-02-10 12:02:48.844,14962.0,580.95.05,dcgm-exporter-ql757,GPU-b2272d68-21df-f504-eceb-3621e0c49ba3,nvidia0,0,10.244.49.66:9400,dcgm-exporter,NVIDIA A16
2026-02-10 12:02:53.844,14962.0,580.95.05,dcgm-exporter-ql757,GPU-b2272d68-21df-f504-eceb-3621e0c49ba3,nvidia0,0,10.244.49.66:9400,dcgm-exporter,NVIDIA A16
2026-02-10 12:02:58.844,14962.0,580.95.05,dcgm-exporter-ql757,GPU-b2272d68-21df-f504-eceb-3621e0c49ba3,nvidia0,0,10.244.49.66:9400,dcgm-exporter,NVIDIA A16
2026-02-10 12:03:03.844,14962.0,580.95.05,dcgm-exporter-ql757,GPU-b2272d68-21df-f504-eceb-3621e0c49ba3,nvidia0,0,10.244.49.66:9400,dcgm-exporter,NVIDIA A16
2026-02-10 12:03:08.844,14962.0,580.95.05,dcgm-exporter-ql757,GPU-b2272d68-21df-f504-eceb-3621e0c49ba3,nvidia0,0,10.244.49.66:9400,dcgm-exporter,NVIDIA A16
2026-02-10 12:03:13.844,14962.0,580.95.05,dcgm-exporter-ql757,GPU-b2272d68-21df-f504-eceb-3621e0c49ba3,nvidia0,0,10.244.49.66:9400,dcgm-exporter,NVIDIA A16
2026-02-10 12:03:18.844,14962.0,580.95.05,dcgm-exporter-ql757,GPU-b2272d68-21df-f504-eceb-3621e0c49ba3,nvidia0,0,10.244.49.66:9400,dcgm-exporter,NVIDIA A16
2026-02-10 12:03:23.844,14962.0,580.95.05,dcgm-exporter-ql757,GPU-b2272d68-21df-f504-eceb-3621e0c49ba3,nvidia0,0,10.244.49.66:9400,dcgm-exporter,NVIDIA A16
2026-02-10 12:03:28.844,14962.0,580.95.05,dcgm-exporter-ql757,GPU-b2272d68-21df-f504-eceb-3621e0c49ba3,nvidia0,0,10.244.49.66:9400,dcgm-exporter,NVIDIA A16
2026-02-10 12:03:33.844,14962.0,580.95.05,dcgm-exporter-ql757,GPU-b2272d68-21df-f504-eceb-3621e0c49ba3,nvidia0,0,10.244.49.66:9400,dcgm-exporter,NVIDIA A16
2026-02-10 12:03:38.844,14962.0,580.95.05,dcgm-exporter-ql757,GPU-b2272d68-21df-f504-eceb-3621e0c49ba3,nvidia0,0,10.244.49.66:9400,dcgm-exporter,NVIDIA A16
2026-02-10 12:03:43.844,14962.0,580.95.05,dcgm-exporter-ql757,GPU-b2272d68-21df-f504-eceb-3621e0c49ba3,nvidia0,0,10.244.49.66:9400,dcgm-exporter,NVIDIA A16
2026-02-10 12:03:48.844,14962.0,580.95.05,dcgm-exporter-ql757,GPU-b2272d68-21df-f504-eceb-3621e0c49ba3,nvidia0,0,10.244.49.66:9400,dcgm-exporter,NVIDIA A16
2026-02-10 12:03:53.844,14962.0,580.95.05,dcgm-exporter-ql757,GPU-b2272d68-21df-f504-eceb-3621e0c49ba3,nvidia0,0,10.244.49.66:9400,dcgm-exporter,NVIDIA A16
2026-02-10 12:03:58.844,14962.0,580.95.05,dcgm-exporter-ql757,GPU-b2272d68-21df-f504-eceb-3621e0c49ba3,nvidia0,0,10.244.49.66:9400,dcgm-exporter,NVIDIA A16
2026-02-10 12:04:03.844,14962.0,580.95.05,dcgm-exporter-ql757,GPU-b2272d68-21df-f504-eceb-3621e0c49ba3,nvidia0,0,10.244.49.66:9400,dcgm-exporter,NVIDIA A16
2026-02-10 12:04:08.844,14962.0,580.95.05,dcgm-exporter-ql757,GPU-b2272d68-21df-f504-eceb-3621e0c49ba3,nvidia0,0,10.244.49.66:9400,dcgm-exporter,NVIDIA A16
2026-02-10 12:04:13.844,14962.0,580.95.05,dcgm-exporter-ql757,GPU-b2272d68-21df-f504-eceb-3621e0c49ba3,nvidia0,0,10.244.49.66:9400,dcgm-exporter,NVIDIA A16
2026-02-10 12:04:18.844,14962.0,580.95.05,dcgm-exporter-ql757,GPU-b2272d68-21df-f504-eceb-3621e0c49ba3,nvidia0,0,10.244.49.66:9400,dcgm-exporter,NVIDIA A16
2026-02-10 12:04:23.844,14962.0,580.95.05,dcgm-exporter-ql757,GPU-b2272d68-21df-f504-eceb-3621e0c49ba3,nvidia0,0,10.244.49.66:9400,dcgm-exporter,NVIDIA A16
2026-02-10 12:04:28.844,14962.0,580.95.05,dcgm-exporter-ql757,GPU-b2272d68-21df-f504-eceb-3621e0c49ba3,nvidia0,0,10.244.49.66:9400,dcgm-exporter,NVIDIA A16
2026-02-10 12:04:33.844,14962.0,580.95.05,dcgm-exporter-ql757,GPU-b2272d68-21df-f504-eceb-3621e0c49ba3,nvidia0,0,10.244.49.66:9400,dcgm-exporter,NVIDIA A16
2026-02-10 12:04:38.844,14962.0,580.95.05,dcgm-exporter-ql757,GPU-b2272d68-21df-f504-eceb-3621e0c49ba3,nvidia0,0,10.244.49.66:9400,dcgm-exporter,NVIDIA A16
2026-02-10 12:04:43.844,14962.0,580.95.05,dcgm-exporter-ql757,GPU-b2272d68-21df-f504-eceb-3621e0c49ba3,nvidia0,0,10.244.49.66:9400,dcgm-exporter,NVIDIA A16
2026-02-10 12:04:48.844,14962.0,580.95.05,dcgm-exporter-ql757,GPU-b2272d68-21df-f504-eceb-3621e0c49ba3,nvidia0,0,10.244.49.66:9400,dcgm-exporter,NVIDIA A16
2026-02-10 12:04:53.844,14962.0,580.95.05,dcgm-exporter-ql757,GPU-b2272d68-21df-f504-eceb-3621e0c49ba3,nvidia0,0,10.244.49.66:9400,dcgm-exporter,NVIDIA A16
2026-02-10 12:04:58.844,14962.0,580.95.05,dcgm-exporter-ql757,GPU-b2272d68-21df-f504-eceb-3621e0c49ba3,nvidia0,0,10.244.49.66:9400,dcgm-exporter,NVIDIA A16
2026-02-10 12:05:03.844,14962.0,580.95.05,dcgm-exporter-ql757,GPU-b2272d68-21df-f504-eceb-3621e0c49ba3,nvidia0,0,10.244.49.66:9400,dcgm-exporter,NVIDIA A16
2026-02-10 12:05:08.844,14962.0,580.95.05,dcgm-exporter-ql757,GPU-b2272d68-21df-f504-eceb-3621e0c49ba3,nvidia0,0,10.244.49.66:9400,dcgm-exporter,NVIDIA A16
2026-02-10 12:05:13.844,14962.0,580.95.05,dcgm-exporter-ql757,GPU-b2272d68-21df-f504-eceb-3621e0c49ba3,nvidia0,0,10.244.49.66:9400,dcgm-exporter,NVIDIA A16
2026-02-10 12:05:18.844,14962.0,580.95.05,dcgm-exporter-ql757,GPU-b2272d68-21df-f504-eceb-3621e0c49ba3,nvidia0,0,10.244.49.66:9400,dcgm-exporter,NVIDIA A16
2026-02-10 12:05:23.844,14962.0,580.95.05,dcgm-exporter-ql757,GPU-b2272d68-21df-f504-eceb-3621e0c49ba3,nvidia0,0,10.244.49.66:9400,dcgm-exporter,NVIDIA A16
2026-02-10 12:05:28.844,14962.0,580.95.05,dcgm-exporter-ql757,GPU-b2272d68-21df-f504-eceb-3621e0c49ba3,nvidia0,0,10.244.49.66:9400,dcgm-exporter,NVIDIA A16
2026-02-10 12:05:33.844,14962.0,580.95.05,dcgm-exporter-ql757,GPU-b2272d68-21df-f504-eceb-3621e0c49ba3,nvidia0,0,10.244.49.66:9400,dcgm-exporter,NVIDIA A16
2026-02-10 12:05:38.844,14962.0,580.95.05,dcgm-exporter-ql757,GPU-b2272d68-21df-f504-eceb-3621e0c49ba3,nvidia0,0,10.244.49.66:9400,dcgm-exporter,NVIDIA A16
2026-02-10 12:05:43.844,14962.0,580.95.05,dcgm-exporter-ql757,GPU-b2272d68-21df-f504-eceb-3621e0c49ba3,nvidia0,0,10.244.49.66:9400,dcgm-exporter,NVIDIA A16
2026-02-10 12:05:48.844,14962.0,580.95.05,dcgm-exporter-ql757,GPU-b2272d68-21df-f504-eceb-3621e0c49ba3,nvidia0,0,10.244.49.66:9400,dcgm-exporter,NVIDIA A16
2026-02-10 12:05:53.844,14962.0,580.95.05,dcgm-exporter-ql757,GPU-b2272d68-21df-f504-eceb-3621e0c49ba3,nvidia0,0,10.244.49.66:9400,dcgm-exporter,NVIDIA A16
2026-02-10 12:05:58.844,14962.0,580.95.05,dcgm-exporter-ql757,GPU-b2272d68-21df-f504-eceb-3621e0c49ba3,nvidia0,0,10.244.49.66:9400,dcgm-exporter,NVIDIA A16
2026-02-10 12:06:03.844,14962.0,580.95.05,dcgm-exporter-ql757,GPU-b2272d68-21df-f504-eceb-3621e0c49ba3,nvidia0,0,10.244.49.66:9400,dcgm-exporter,NVIDIA A16
2026-02-10 12:06:08.844,14962.0,580.95.05,dcgm-exporter-ql757,GPU-b2272d68-21df-f504-eceb-3621e0c49ba3,nvidia0,0,10.244.49.66:9400,dcgm-exporter,NVIDIA A16
2026-02-10 12:06:13.844,14962.0,580.95.05,dcgm-exporter-ql757,GPU-b2272d68-21df-f504-eceb-3621e0c49ba3,nvidia0,0,10.244.49.66:9400,dcgm-exporter,NVIDIA A16
2026-02-10 12:06:18.844,14962.0,580.95.05,dcgm-exporter-ql757,GPU-b2272d68-21df-f504-eceb-3621e0c49ba3,nvidia0,0,10.244.49.66:9400,dcgm-exporter,NVIDIA A16
2026-02-10 12:06:23.844,14962.0,580.95.05,dcgm-exporter-ql757,GPU-b2272d68-21df-f504-eceb-3621e0c49ba3,nvidia0,0,10.244.49.66:9400,dcgm-exporter,NVIDIA A16
2026-02-10 12:06:28.844,14962.0,580.95.05,dcgm-exporter-ql757,GPU-b2272d68-21df-f504-eceb-3621e0c49ba3,nvidia0,0,10.244.49.66:9400,dcgm-exporter,NVIDIA A16
2026-02-10 12:06:33.844,14962.0,580.95.05,dcgm-exporter-ql757,GPU-b2272d68-21df-f504-eceb-3621e0c49ba3,nvidia0,0,10.244.49.66:9400,dcgm-exporter,NVIDIA A16
2026-02-10 12:06:38.844,14962.0,580.95.05,dcgm-exporter-ql757,GPU-b2272d68-21df-f504-eceb-3621e0c49ba3,nvidia0,0,10.244.49.66:9400,dcgm-exporter,NVIDIA A16
2026-02-10 12:06:43.844,14962.0,580.95.05,dcgm-exporter-ql757,GPU-b2272d68-21df-f504-eceb-3621e0c49ba3,nvidia0,0,10.244.49.66:9400,dcgm-exporter,NVIDIA A16
2026-02-10 12:06:48.844,14962.0,580.95.05,dcgm-exporter-ql757,GPU-b2272d68-21df-f504-eceb-3621e0c49ba3,nvidia0,0,10.244.49.66:9400,dcgm-exporter,NVIDIA A16
2026-02-10 12:06:53.844,14962.0,580.95.05,dcgm-exporter-ql757,GPU-b2272d68-21df-f504-eceb-3621e0c49ba3,nvidia0,0,10.244.49.66:9400,dcgm-exporter,NVIDIA A16
2026-02-10 12:06:58.844,14962.0,580.95.05,dcgm-exporter-ql757,GPU-b2272d68-21df-f504-eceb-3621e0c49ba3,nvidia0,0,10.244.49.66:9400,dcgm-exporter,NVIDIA A16
2026-02-10 12:07:03.844,14962.0,580.95.05,dcgm-exporter-ql757,GPU-b2272d68-21df-f504-eceb-3621e0c49ba3,nvidia0,0,10.244.49.66:9400,dcgm-exporter,NVIDIA A16
2026-02-10 12:07:08.844,14962.0,580.95.05,dcgm-exporter-ql757,GPU-b2272d68-21df-f504-eceb-3621e0c49ba3,nvidia0,0,10.244.49.66:9400,dcgm-exporter,NVIDIA A16
2026-02-10 12:07:13.844,14962.0,580.95.05,dcgm-exporter-ql757,GPU-b2272d68-21df-f504-eceb-3621e0c49ba3,nvidia0,0,10.244.49.66:9400,dcgm-exporter,NVIDIA A16
2026-02-10 12:07:18.844,14962.0,580.95.05,dcgm-exporter-ql757,GPU-b2272d68-21df-f504-eceb-3621e0c49ba3,nvidia0,0,10.244.49.66:9400,dcgm-exporter,NVIDIA A16
2026-02-10 12:07:23.844,14962.0,580.95.05,dcgm-exporter-ql757,GPU-b2272d68-21df-f504-eceb-3621e0c49ba3,nvidia0,0,10.244.49.66:9400,dcgm-exporter,NVIDIA A16
2026-02-10 12:07:28.844,14962.0,580.95.05,dcgm-exporter-ql757,GPU-b2272d68-21df-f504-eceb-3621e0c49ba3,nvidia0,0,10.244.49.66:9400,dcgm-exporter,NVIDIA A16
2026-02-10 12:07:33.844,14962.0,580.95.05,dcgm-exporter-ql757,GPU-b2272d68-21df-f504-eceb-3621e0c49ba3,nvidia0,0,10.244.49.66:9400,dcgm-exporter,NVIDIA A16
2026-02-10 12:07:38.844,14962.0,580.95.05,dcgm-exporter-ql757,GPU-b2272d68-21df-f504-eceb-3621e0c49ba3,nvidia0,0,10.244.49.66:9400,dcgm-exporter,NVIDIA A16
2026-02-10 12:07:43.844,14962.0,580.95.05,dcgm-exporter-ql757,GPU-b2272d68-21df-f504-eceb-3621e0c49ba3,nvidia0,0,10.244.49.66:9400,dcgm-exporter,NVIDIA A16
2026-02-10 12:07:48.844,14962.0,580.95.05,dcgm-exporter-ql757,GPU-b2272d68-21df-f504-eceb-3621e0c49ba3,nvidia0,0,10.244.49.66:9400,dcgm-exporter,NVIDIA A16
2026-02-10 12:07:53.844,14962.0,580.95.05,dcgm-exporter-ql757,GPU-b2272d68-21df-f504-eceb-3621e0c49ba3,nvidia0,0,10.244.49.66:9400,dcgm-exporter,NVIDIA A16
2026-02-10 12:07:58.844,14962.0,580.95.05,dcgm-exporter-ql757,GPU-b2272d68-21df-f504-eceb-3621e0c49ba3,nvidia0,0,10.244.49.66:9400,dcgm-exporter,NVIDIA A16
2026-02-10 12:08:03.844,14962.0,580.95.05,dcgm-exporter-ql757,GPU-b2272d68-21df-f504-eceb-3621e0c49ba3,nvidia0,0,10.244.49.66:9400,dcgm-exporter,NVIDIA A16
2026-02-10 12:08:08.844,14962.0,580.95.05,dcgm-exporter-ql757,GPU-b2272d68-21df-f504-eceb-3621e0c49ba3,nvidia0,0,10.244.49.66:9400,dcgm-exporter,NVIDIA A16
2026-02-10 12:08:13.844,14962.0,580.95.05,dcgm-exporter-ql757,GPU-b2272d68-21df-f504-eceb-3621e0c49ba3,nvidia0,0,10.244.49.66:9400,dcgm-exporter,NVIDIA A16
2026-02-10 12:08:18.844,14962.0,580.95.05,dcgm-exporter-ql757,GPU-b2272d68-21df-f504-eceb-3621e0c49ba3,nvidia0,0,10.244.49.66:9400,dcgm-exporter,NVIDIA A16
2026-02-10 12:08:23.844,14962.0,580.95.05,dcgm-exporter-ql757,GPU-b2272d68-21df-f504-eceb-3621e0c49ba3,nvidia0,0,10.244.49.66:9400,dcgm-exporter,NVIDIA A16
2026-02-10 12:08:28.844,14962.0,580.95.05,dcgm-exporter-ql757,GPU-b2272d68-21df-f504-eceb-3621e0c49ba3,nvidia0,0,10.244.49.66:9400,dcgm-exporter,NVIDIA A16
2026-02-10 12:08:33.844,14962.0,580.95.05,dcgm-exporter-ql757,GPU-b2272d68-21df-f504-eceb-3621e0c49ba3,nvidia0,0,10.244.49.66:9400,dcgm-exporter,NVIDIA A16
2026-02-10 12:08:38.844,14962.0,580.95.05,dcgm-exporter-ql757,GPU-b2272d68-21df-f504-eceb-3621e0c49ba3,nvidia0,0,10.244.49.66:9400,dcgm-exporter,NVIDIA A16
2026-02-10 12:08:43.844,14962.0,580.95.05,dcgm-exporter-ql757,GPU-b2272d68-21df-f504-eceb-3621e0c49ba3,nvidia0,0,10.244.49.66:9400,dcgm-exporter,NVIDIA A16
2026-02-10 12:08:48.844,14962.0,580.95.05,dcgm-exporter-ql757,GPU-b2272d68-21df-f504-eceb-3621e0c49ba3,nvidia0,0,10.244.49.66:9400,dcgm-exporter,NVIDIA A16
2026-02-10 12:08:53.844,14962.0,580.95.05,dcgm-exporter-ql757,GPU-b2272d68-21df-f504-eceb-3621e0c49ba3,nvidia0,0,10.244.49.66:9400,dcgm-exporter,NVIDIA A16
2026-02-10 12:08:58.844,14962.0,580.95.05,dcgm-exporter-ql757,GPU-b2272d68-21df-f504-eceb-3621e0c49ba3,nvidia0,0,10.244.49.66:9400,dcgm-exporter,NVIDIA A16
2026-02-10 12:09:03.844,14962.0,580.95.05,dcgm-exporter-ql757,GPU-b2272d68-21df-f504-eceb-3621e0c49ba3,nvidia0,0,10.244.49.66:9400,dcgm-exporter,NVIDIA A16
2026-02-10 12:09:08.844,14962.0,580.95.05,dcgm-exporter-ql757,GPU-b2272d68-21df-f504-eceb-3621e0c49ba3,nvidia0,0,10.244.49.66:9400,dcgm-exporter,NVIDIA A16
2026-02-10 12:09:13.844,14962.0,580.95.05,dcgm-exporter-ql757,GPU-b2272d68-21df-f504-eceb-3621e0c49ba3,nvidia0,0,10.244.49.66:9400,dcgm-exporter,NVIDIA A16
2026-02-10 12:09:18.844,14962.0,580.95.05,dcgm-exporter-ql757,GPU-b2272d68-21df-f504-eceb-3621e0c49ba3,nvidia0,0,10.244.49.66:9400,dcgm-exporter,NVIDIA A16
2026-02-10 12:09:23.844,14962.0,580.95.05,dcgm-exporter-ql757,GPU-b2272d68-21df-f504-eceb-3621e0c49ba3,nvidia0,0,10.244.49.66:9400,dcgm-exporter,NVIDIA A16
2026-02-10 12:09:28.844,14962.0,580.95.05,dcgm-exporter-ql757,GPU-b2272d68-21df-f504-eceb-3621e0c49ba3,nvidia0,0,10.244.49.66:9400,dcgm-exporter,NVIDIA A16
2026-02-10 12:09:33.844,14962.0,580.95.05,dcgm-exporter-ql757,GPU-b2272d68-21df-f504-eceb-3621e0c49ba3,nvidia0,0,10.244.49.66:9400,dcgm-exporter,NVIDIA A16
2026-02-10 12:09:38.844,14962.0,580.95.05,dcgm-exporter-ql757,GPU-b2272d68-21df-f504-eceb-3621e0c49ba3,nvidia0,0,10.244.49.66:9400,dcgm-exporter,NVIDIA A16
2026-02-10 12:09:43.844,14962.0,580.95.05,dcgm-exporter-ql757,GPU-b2272d68-21df-f504-eceb-3621e0c49ba3,nvidia0,0,10.244.49.66:9400,dcgm-exporter,NVIDIA A16
2026-02-10 12:09:48.844,14962.0,580.95.05,dcgm-exporter-ql757,GPU-b2272d68-21df-f504-eceb-3621e0c49ba3,nvidia0,0,10.244.49.66:9400,dcgm-exporter,NVIDIA A16
2026-02-10 12:09:53.844,14962.0,580.95.05,dcgm-exporter-ql757,GPU-b2272d68-21df-f504-eceb-3621e0c49ba3,nvidia0,0,10.244.49.66:9400,dcgm-exporter,NVIDIA A16
2026-02-10 12:09:58.844,14962.0,580.95.05,dcgm-exporter-ql757,GPU-b2272d68-21df-f504-eceb-3621e0c49ba3,nvidia0,0,10.244.49.66:9400,dcgm-exporter,NVIDIA A16
2026-02-10 12:10:03.844,14962.0,580.95.05,dcgm-exporter-ql757,GPU-b2272d68-21df-f504-eceb-3621e0c49ba3,nvidia0,0,10.244.49.66:9400,dcgm-exporter,NVIDIA A16
2026-02-10 12:10:08.844,14962.0,580.95.05,dcgm-exporter-ql757,GPU-b2272d68-21df-f504-eceb-3621e0c49ba3,nvidia0,0,10.244.49.66:9400,dcgm-exporter,NVIDIA A16
2026-02-10 12:10:13.844,14962.0,580.95.05,dcgm-exporter-ql757,GPU-b2272d68-21df-f504-eceb-3621e0c49ba3,nvidia0,0,10.244.49.66:9400,dcgm-exporter,NVIDIA A16
2026-02-10 12:10:18.844,14962.0,580.95.05,dcgm-exporter-ql757,GPU-b2272d68-21df-f504-eceb-3621e0c49ba3,nvidia0,0,10.244.49.66:9400,dcgm-exporter,NVIDIA A16
2026-02-10 12:10:23.844,14962.0,580.95.05,dcgm-exporter-ql757,GPU-b2272d68-21df-f504-eceb-3621e0c49ba3,nvidia0,0,10.244.49.66:9400,dcgm-exporter,NVIDIA A16
2026-02-10 12:10:28.844,14962.0,580.95.05,dcgm-exporter-ql757,GPU-b2272d68-21df-f504-eceb-3621e0c49ba3,nvidia0,0,10.244.49.66:9400,dcgm-exporter,NVIDIA A16
2026-02-10 12:10:33.844,14962.0,580.95.05,dcgm-exporter-ql757,GPU-b2272d68-21df-f504-eceb-3621e0c49ba3,nvidia0,0,10.244.49.66:9400,dcgm-exporter,NVIDIA A16
2026-02-10 12:10:38.844,14962.0,580.95.05,dcgm-exporter-ql757,GPU-b2272d68-21df-f504-eceb-3621e0c49ba3,nvidia0,0,10.244.49.66:9400,dcgm-exporter,NVIDIA A16
2026-02-10 12:10:43.844,14962.0,580.95.05,dcgm-exporter-ql757,GPU-b2272d68-21df-f504-eceb-3621e0c49ba3,nvidia0,0,10.244.49.66:9400,dcgm-exporter,NVIDIA A16
2026-02-10 12:10:48.844,14962.0,580.95.05,dcgm-exporter-ql757,GPU-b2272d68-21df-f504-eceb-3621e0c49ba3,nvidia0,0,10.244.49.66:9400,dcgm-exporter,NVIDIA A16
2026-02-10 12:10:53.844,14962.0,580.95.05,dcgm-exporter-ql757,GPU-b2272d68-21df-f504-eceb-3621e0c49ba3,nvidia0,0,10.244.49.66:9400,dcgm-exporter,NVIDIA A16
2026-02-10 12:10:58.844,14962.0,580.95.05,dcgm-exporter-ql757,GPU-b2272d68-21df-f504-eceb-3621e0c49ba3,nvidia0,0,10.244.49.66:9400,dcgm-exporter,NVIDIA A16
2026-02-10 12:11:03.844,14962.0,580.95.05,dcgm-exporter-ql757,GPU-b2272d68-21df-f504-eceb-3621e0c49ba3,nvidia0,0,10.244.49.66:9400,dcgm-exporter,NVIDIA A16
2026-02-10 12:11:08.844,14962.0,580.95.05,dcgm-exporter-ql757,GPU-b2272d68-21df-f504-eceb-3621e0c49ba3,nvidia0,0,10.244.49.66:9400,dcgm-exporter,NVIDIA A16
2026-02-10 12:11:13.844,14962.0,580.95.05,dcgm-exporter-ql757,GPU-b2272d68-21df-f504-eceb-3621e0c49ba3,nvidia0,0,10.244.49.66:9400,dcgm-exporter,NVIDIA A16
2026-02-10 12:11:18.844,14962.0,580.95.05,dcgm-exporter-ql757,GPU-b2272d68-21df-f504-eceb-3621e0c49ba3,nvidia0,0,10.244.49.66:9400,dcgm-exporter,NVIDIA A16
2026-02-10 12:11:23.844,14962.0,580.95.05,dcgm-exporter-ql757,GPU-b2272d68-21df-f504-eceb-3621e0c49ba3,nvidia0,0,10.244.49.66:9400,dcgm-exporter,NVIDIA A16
2026-02-10 12:11:28.844,14962.0,580.95.05,dcgm-exporter-ql757,GPU-b2272d68-21df-f504-eceb-3621e0c49ba3,nvidia0,0,10.244.49.66:9400,dcgm-exporter,NVIDIA A16
2026-02-10 12:11:33.844,14962.0,580.95.05,dcgm-exporter-ql757,GPU-b2272d68-21df-f504-eceb-3621e0c49ba3,nvidia0,0,10.244.49.66:9400,dcgm-exporter,NVIDIA A16
2026-02-10 12:11:38.844,14962.0,580.95.05,dcgm-exporter-ql757,GPU-b2272d68-21df-f504-eceb-3621e0c49ba3,nvidia0,0,10.244.49.66:9400,dcgm-exporter,NVIDIA A16
2026-02-10 12:11:43.844,14962.0,580.95.05,dcgm-exporter-ql757,GPU-b2272d68-21df-f504-eceb-3621e0c49ba3,nvidia0,0,10.244.49.66:9400,dcgm-exporter,NVIDIA A16
2026-02-10 12:11:48.844,14962.0,580.95.05,dcgm-exporter-ql757,GPU-b2272d68-21df-f504-eceb-3621e0c49ba3,nvidia0,0,10.244.49.66:9400,dcgm-exporter,NVIDIA A16
2026-02-10 12:11:53.844,14962.0,580.95.05,dcgm-exporter-ql757,GPU-b2272d68-21df-f504-eceb-3621e0c49ba3,nvidia0,0,10.244.49.66:9400,dcgm-exporter,NVIDIA A16
2026-02-10 12:11:58.844,14962.0,580.95.05,dcgm-exporter-ql757,GPU-b2272d68-21df-f504-eceb-3621e0c49ba3,nvidia0,0,10.244.49.66:9400,dcgm-exporter,NVIDIA A16
2026-02-10 12:12:03.844,14962.0,580.95.05,dcgm-exporter-ql757,GPU-b2272d68-21df-f504-eceb-3621e0c49ba3,nvidia0,0,10.244.49.66:9400,dcgm-exporter,NVIDIA A16
2026-02-10 12:12:08.844,14962.0,580.95.05,dcgm-exporter-ql757,GPU-b2272d68-21df-f504-eceb-3621e0c49ba3,nvidia0,0,10.244.49.66:9400,dcgm-exporter,NVIDIA A16
2026-02-10 12:12:13.844,14962.0,580.95.05,dcgm-exporter-ql757,GPU-b2272d68-21df-f504-eceb-3621e0c49ba3,nvidia0,0,10.244.49.66:9400,dcgm-exporter,NVIDIA A16
2026-02-10 12:12:18.844,14962.0,580.95.05,dcgm-exporter-ql757,GPU-b2272d68-21df-f504-eceb-3621e0c49ba3,nvidia0,0,10.244.49.66:9400,dcgm-exporter,NVIDIA A16
2026-02-10 12:12:23.844,14962.0,580.95.05,dcgm-exporter-ql757,GPU-b2272d68-21df-f504-eceb-3621e0c49ba3,nvidia0,0,10.244.49.66:9400,dcgm-exporter,NVIDIA A16
2026-02-10 12:12:28.844,14962.0,580.95.05,dcgm-exporter-ql757,GPU-b2272d68-21df-f504-eceb-3621e0c49ba3,nvidia0,0,10.244.49.66:9400,dcgm-exporter,NVIDIA A16
2026-02-10 12:12:33.844,14962.0,580.95.05,dcgm-exporter-ql757,GPU-b2272d68-21df-f504-eceb-3621e0c49ba3,nvidia0,0,10.244.49.66:9400,dcgm-exporter,NVIDIA A16
2026-02-10 12:12:38.844,14962.0,580.95.05,dcgm-exporter-ql757,GPU-b2272d68-21df-f504-eceb-3621e0c49ba3,nvidia0,0,10.244.49.66:9400,dcgm-exporter,NVIDIA A16
2026-02-10 12:12:43.844,14962.0,580.95.05,dcgm-exporter-ql757,GPU-b2272d68-21df-f504-eceb-3621e0c49ba3,nvidia0,0,10.244.49.66:9400,dcgm-exporter,NVIDIA A16
2026-02-10 12:12:48.844,14962.0,580.95.05,dcgm-exporter-ql757,GPU-b2272d68-21df-f504-eceb-3621e0c49ba3,nvidia0,0,10.244.49.66:9400,dcgm-exporter,NVIDIA A16
2026-02-10 12:12:53.844,14962.0,580.95.05,dcgm-exporter-ql757,GPU-b2272d68-21df-f504-eceb-3621e0c49ba3,nvidia0,0,10.244.49.66:9400,dcgm-exporter,NVIDIA A16
2026-02-10 12:12:58.844,14962.0,580.95.05,dcgm-exporter-ql757,GPU-b2272d68-21df-f504-eceb-3621e0c49ba3,nvidia0,0,10.244.49.66:9400,dcgm-exporter,NVIDIA A16
2026-02-10 12:13:03.844,14962.0,580.95.05,dcgm-exporter-ql757,GPU-b2272d68-21df-f504-eceb-3621e0c49ba3,nvidia0,0,10.244.49.66:9400,dcgm-exporter,NVIDIA A16
2026-02-10 12:13:08.844,14962.0,580.95.05,dcgm-exporter-ql757,GPU-b2272d68-21df-f504-eceb-3621e0c49ba3,nvidia0,0,10.244.49.66:9400,dcgm-exporter,NVIDIA A16
2026-02-10 12:13:13.844,14962.0,580.95.05,dcgm-exporter-ql757,GPU-b2272d68-21df-f504-eceb-3621e0c49ba3,nvidia0,0,10.244.49.66:9400,dcgm-exporter,NVIDIA A16
2026-02-10 12:13:18.844,14962.0,580.95.05,dcgm-exporter-ql757,GPU-b2272d68-21df-f504-eceb-3621e0c49ba3,nvidia0,0,10.244.49.66:9400,dcgm-exporter,NVIDIA A16
2026-02-10 12:13:23.844,14962.0,580.95.05,dcgm-exporter-ql757,GPU-b2272d68-21df-f504-eceb-3621e0c49ba3,nvidia0,0,10.244.49.66:9400,dcgm-exporter,NVIDIA A16
2026-02-10 12:13:28.844,14962.0,580.95.05,dcgm-exporter-ql757,GPU-b2272d68-21df-f504-eceb-3621e0c49ba3,nvidia0,0,10.244.49.66:9400,dcgm-exporter,NVIDIA A16
2026-02-10 12:13:33.844,14962.0,580.95.05,dcgm-exporter-ql757,GPU-b2272d68-21df-f504-eceb-3621e0c49ba3,nvidia0,0,10.244.49.66:9400,dcgm-exporter,NVIDIA A16
2026-02-10 12:13:38.844,14962.0,580.95.05,dcgm-exporter-ql757,GPU-b2272d68-21df-f504-eceb-3621e0c49ba3,nvidia0,0,10.244.49.66:9400,dcgm-exporter,NVIDIA A16
2026-02-10 12:13:43.844,14962.0,580.95.05,dcgm-exporter-ql757,GPU-b2272d68-21df-f504-eceb-3621e0c49ba3,nvidia0,0,10.244.49.66:9400,dcgm-exporter,NVIDIA A16
2026-02-10 12:13:48.844,14962.0,580.95.05,dcgm-exporter-ql757,GPU-b2272d68-21df-f504-eceb-3621e0c49ba3,nvidia0,0,10.244.49.66:9400,dcgm-exporter,NVIDIA A16
2026-02-10 12:13:53.844,14962.0,580.95.05,dcgm-exporter-ql757,GPU-b2272d68-21df-f504-eceb-3621e0c49ba3,nvidia0,0,10.244.49.66:9400,dcgm-exporter,NVIDIA A16
2026-02-10 12:13:58.844,14962.0,580.95.05,dcgm-exporter-ql757,GPU-b2272d68-21df-f504-eceb-3621e0c49ba3,nvidia0,0,10.244.49.66:9400,dcgm-exporter,NVIDIA A16
2026-02-10 12:14:03.844,14962.0,580.95.05,dcgm-exporter-ql757,GPU-b2272d68-21df-f504-eceb-3621e0c49ba3,nvidia0,0,10.244.49.66:9400,dcgm-exporter,NVIDIA A16
2026-02-10 12:14:08.844,14962.0,580.95.05,dcgm-exporter-ql757,GPU-b2272d68-21df-f504-eceb-3621e0c49ba3,nvidia0,0,10.244.49.66:9400,dcgm-exporter,NVIDIA A16
2026-02-10 12:14:13.844,14962.0,580.95.05,dcgm-exporter-ql757,GPU-b2272d68-21df-f504-eceb-3621e0c49ba3,nvidia0,0,10.244.49.66:9400,dcgm-exporter,NVIDIA A16
2026-02-10 12:14:18.844,14962.0,580.95.05,dcgm-exporter-ql757,GPU-b2272d68-21df-f504-eceb-3621e0c49ba3,nvidia0,0,10.244.49.66:9400,dcgm-exporter,NVIDIA A16
2026-02-10 12:14:23.844,14962.0,580.95.05,dcgm-exporter-ql757,GPU-b2272d68-21df-f504-eceb-3621e0c49ba3,nvidia0,0,10.244.49.66:9400,dcgm-exporter,NVIDIA A16
2026-02-10 12:14:28.844,14962.0,580.95.05,dcgm-exporter-ql757,GPU-b2272d68-21df-f504-eceb-3621e0c49ba3,nvidia0,0,10.244.49.66:9400,dcgm-exporter,NVIDIA A16
2026-02-10 12:14:33.844,14962.0,580.95.05,dcgm-exporter-ql757,GPU-b2272d68-21df-f504-eceb-3621e0c49ba3,nvidia0,0,10.244.49.66:9400,dcgm-exporter,NVIDIA A16
2026-02-10 12:14:38.844,14962.0,580.95.05,dcgm-exporter-ql757,GPU-b2272d68-21df-f504-eceb-3621e0c49ba3,nvidia0,0,10.244.49.66:9400,dcgm-exporter,NVIDIA A16
2026-02-10 12:14:43.844,14962.0,580.95.05,dcgm-exporter-ql757,GPU-b2272d68-21df-f504-eceb-3621e0c49ba3,nvidia0,0,10.244.49.66:9400,dcgm-exporter,NVIDIA A16
2026-02-10 12:14:48.844,14962.0,580.95.05,dcgm-exporter-ql757,GPU-b2272d68-21df-f504-eceb-3621e0c49ba3,nvidia0,0,10.244.49.66:9400,dcgm-exporter,NVIDIA A16
2026-02-10 12:14:53.844,14962.0,580.95.05,dcgm-exporter-ql757,GPU-b2272d68-21df-f504-eceb-3621e0c49ba3,nvidia0,0,10.244.49.66:9400,dcgm-exporter,NVIDIA A16
2026-02-10 12:14:58.844,14962.0,580.95.05,dcgm-exporter-ql757,GPU-b2272d68-21df-f504-eceb-3621e0c49ba3,nvidia0,0,10.244.49.66:9400,dcgm-exporter,NVIDIA A16
2026-02-10 12:15:03.844,14962.0,580.95.05,dcgm-exporter-ql757,GPU-b2272d68-21df-f504-eceb-3621e0c49ba3,nvidia0,0,10.244.49.66:9400,dcgm-exporter,NVIDIA A16
2026-02-10 12:15:08.844,14962.0,580.95.05,dcgm-exporter-ql757,GPU-b2272d68-21df-f504-eceb-3621e0c49ba3,nvidia0,0,10.244.49.66:9400,dcgm-exporter,NVIDIA A16
2026-02-10 12:15:13.844,14962.0,580.95.05,dcgm-exporter-ql757,GPU-b2272d68-21df-f504-eceb-3621e0c49ba3,nvidia0,0,10.244.49.66:9400,dcgm-exporter,NVIDIA A16
2026-02-10 12:15:18.844,14962.0,580.95.05,dcgm-exporter-ql757,GPU-b2272d68-21df-f504-eceb-3621e0c49ba3,nvidia0,0,10.244.49.66:9400,dcgm-exporter,NVIDIA A16
2026-02-10 12:15:23.844,14962.0,580.95.05,dcgm-exporter-ql757,GPU-b2272d68-21df-f504-eceb-3621e0c49ba3,nvidia0,0,10.244.49.66:9400,dcgm-exporter,NVIDIA A16
2026-02-10 12:15:28.844,14962.0,580.95.05,dcgm-exporter-ql757,GPU-b2272d68-21df-f504-eceb-3621e0c49ba3,nvidia0,0,10.244.49.66:9400,dcgm-exporter,NVIDIA A16
2026-02-10 12:15:33.844,14962.0,580.95.05,dcgm-exporter-ql757,GPU-b2272d68-21df-f504-eceb-3621e0c49ba3,nvidia0,0,10.244.49.66:9400,dcgm-exporter,NVIDIA A16
2026-02-10 12:15:38.844,14962.0,580.95.05,dcgm-exporter-ql757,GPU-b2272d68-21df-f504-eceb-3621e0c49ba3,nvidia0,0,10.244.49.66:9400,dcgm-exporter,NVIDIA A16
2026-02-10 12:15:43.844,14962.0,580.95.05,dcgm-exporter-ql757,GPU-b2272d68-21df-f504-eceb-3621e0c49ba3,nvidia0,0,10.244.49.66:9400,dcgm-exporter,NVIDIA A16
2026-02-10 12:15:48.844,14962.0,580.95.05,dcgm-exporter-ql757,GPU-b2272d68-21df-f504-eceb-3621e0c49ba3,nvidia0,0,10.244.49.66:9400,dcgm-exporter,NVIDIA A16
2026-02-10 12:15:53.844,14962.0,580.95.05,dcgm-exporter-ql757,GPU-b2272d68-21df-f504-eceb-3621e0c49ba3,nvidia0,0,10.244.49.66:9400,dcgm-exporter,NVIDIA A16
2026-02-10 12:15:58.844,14962.0,580.95.05,dcgm-exporter-ql757,GPU-b2272d68-21df-f504-eceb-3621e0c49ba3,nvidia0,0,10.244.49.66:9400,dcgm-exporter,NVIDIA A16
2026-02-10 12:16:03.844,14962.0,580.95.05,dcgm-exporter-ql757,GPU-b2272d68-21df-f504-eceb-3621e0c49ba3,nvidia0,0,10.244.49.66:9400,dcgm-exporter,NVIDIA A16
2026-02-10 12:16:08.844,14962.0,580.95.05,dcgm-exporter-ql757,GPU-b2272d68-21df-f504-eceb-3621e0c49ba3,nvidia0,0,10.244.49.66:9400,dcgm-exporter,NVIDIA A16
2026-02-10 12:16:13.844,14962.0,580.95.05,dcgm-exporter-ql757,GPU-b2272d68-21df-f504-eceb-3621e0c49ba3,nvidia0,0,10.244.49.66:9400,dcgm-exporter,NVIDIA A16
2026-02-10 12:16:18.844,14962.0,580.95.05,dcgm-exporter-ql757,GPU-b2272d68-21df-f504-eceb-3621e0c49ba3,nvidia0,0,10.244.49.66:9400,dcgm-exporter,NVIDIA A16
2026-02-10 12:16:23.844,14962.0,580.95.05,dcgm-exporter-ql757,GPU-b2272d68-21df-f504-eceb-3621e0c49ba3,nvidia0,0,10.244.49.66:9400,dcgm-exporter,NVIDIA A16
2026-02-10 12:16:28.844,14962.0,580.95.05,dcgm-exporter-ql757,GPU-b2272d68-21df-f504-eceb-3621e0c49ba3,nvidia0,0,10.244.49.66:9400,dcgm-exporter,NVIDIA A16
2026-02-10 12:16:33.844,14962.0,580.95.05,dcgm-exporter-ql757,GPU-b2272d68-21df-f504-eceb-3621e0c49ba3,nvidia0,0,10.244.49.66:9400,dcgm-exporter,NVIDIA A16
2026-02-10 12:16:38.844,14962.0,580.95.05,dcgm-exporter-ql757,GPU-b2272d68-21df-f504-eceb-3621e0c49ba3,nvidia0,0,10.244.49.66:9400,dcgm-exporter,NVIDIA A16
2026-02-10 12:16:43.844,14962.0,580.95.05,dcgm-exporter-ql757,GPU-b2272d68-21df-f504-eceb-3621e0c49ba3,nvidia0,0,10.244.49.66:9400,dcgm-exporter,NVIDIA A16
2026-02-10 12:16:48.844,14962.0,580.95.05,dcgm-exporter-ql757,GPU-b2272d68-21df-f504-eceb-3621e0c49ba3,nvidia0,0,10.244.49.66:9400,dcgm-exporter,NVIDIA A16
2026-02-10 12:16:53.844,14962.0,580.95.05,dcgm-exporter-ql757,GPU-b2272d68-21df-f504-eceb-3621e0c49ba3,nvidia0,0,10.244.49.66:9400,dcgm-exporter,NVIDIA A16
2026-02-10 12:16:58.844,14962.0,580.95.05,dcgm-exporter-ql757,GPU-b2272d68-21df-f504-eceb-3621e0c49ba3,nvidia0,0,10.244.49.66:9400,dcgm-exporter,NVIDIA A16
2026-02-10 12:17:03.844,14962.0,580.95.05,dcgm-exporter-ql757,GPU-b2272d68-21df-f504-eceb-3621e0c49ba3,nvidia0,0,10.244.49.66:9400,dcgm-exporter,NVIDIA A16
2026-02-10 12:17:08.844,14962.0,580.95.05,dcgm-exporter-ql757,GPU-b2272d68-21df-f504-eceb-3621e0c49ba3,nvidia0,0,10.244.49.66:9400,dcgm-exporter,NVIDIA A16
2026-02-10 12:17:13.844,14962.0,580.95.05,dcgm-exporter-ql757,GPU-b2272d68-21df-f504-eceb-3621e0c49ba3,nvidia0,0,10.244.49.66:9400,dcgm-exporter,NVIDIA A16
2026-02-10 12:17:18.844,14962.0,580.95.05,dcgm-exporter-ql757,GPU-b2272d68-21df-f504-eceb-3621e0c49ba3,nvidia0,0,10.244.49.66:9400,dcgm-exporter,NVIDIA A16
2026-02-10 12:17:23.844,14962.0,580.95.05,dcgm-exporter-ql757,GPU-b2272d68-21df-f504-eceb-3621e0c49ba3,nvidia0,0,10.244.49.66:9400,dcgm-exporter,NVIDIA A16
2026-02-10 12:17:28.844,14962.0,580.95.05,dcgm-exporter-ql757,GPU-b2272d68-21df-f504-eceb-3621e0c49ba3,nvidia0,0,10.244.49.66:9400,dcgm-exporter,NVIDIA A16
2026-02-10 12:17:33.844,14962.0,580.95.05,dcgm-exporter-ql757,GPU-b2272d68-21df-f504-eceb-3621e0c49ba3,nvidia0,0,10.244.49.66:9400,dcgm-exporter,NVIDIA A16
2026-02-10 12:17:38.844,14962.0,580.95.05,dcgm-exporter-ql757,GPU-b2272d68-21df-f504-eceb-3621e0c49ba3,nvidia0,0,10.244.49.66:9400,dcgm-exporter,NVIDIA A16
2026-02-10 12:17:43.844,14962.0,580.95.05,dcgm-exporter-ql757,GPU-b2272d68-21df-f504-eceb-3621e0c49ba3,nvidia0,0,10.244.49.66:9400,dcgm-exporter,NVIDIA A16
2026-02-10 12:17:48.844,14962.0,580.95.05,dcgm-exporter-ql757,GPU-b2272d68-21df-f504-eceb-3621e0c49ba3,nvidia0,0,10.244.49.66:9400,dcgm-exporter,NVIDIA A16
2026-02-10 12:17:53.844,14962.0,580.95.05,dcgm-exporter-ql757,GPU-b2272d68-21df-f504-eceb-3621e0c49ba3,nvidia0,0,10.244.49.66:9400,dcgm-exporter,NVIDIA A16
2026-02-10 12:17:58.844,14962.0,580.95.05,dcgm-exporter-ql757,GPU-b2272d68-21df-f504-eceb-3621e0c49ba3,nvidia0,0,10.244.49.66:9400,dcgm-exporter,NVIDIA A16
2026-02-10 12:18:03.844,14962.0,580.95.05,dcgm-exporter-ql757,GPU-b2272d68-21df-f504-eceb-3621e0c49ba3,nvidia0,0,10.244.49.66:9400,dcgm-exporter,NVIDIA A16
2026-02-10 12:18:08.844,14962.0,580.95.05,dcgm-exporter-ql757,GPU-b2272d68-21df-f504-eceb-3621e0c49ba3,nvidia0,0,10.244.49.66:9400,dcgm-exporter,NVIDIA A16
2026-02-10 12:18:13.844,14962.0,580.95.05,dcgm-exporter-ql757,GPU-b2272d68-21df-f504-eceb-3621e0c49ba3,nvidia0,0,10.244.49.66:9400,dcgm-exporter,NVIDIA A16
2026-02-10 12:18:18.844,14962.0,580.95.05,dcgm-exporter-ql757,GPU-b2272d68-21df-f504-eceb-3621e0c49ba3,nvidia0,0,10.244.49.66:9400,dcgm-exporter,NVIDIA A16
2026-02-10 12:18:23.844,14962.0,580.95.05,dcgm-exporter-ql757,GPU-b2272d68-21df-f504-eceb-3621e0c49ba3,nvidia0,0,10.244.49.66:9400,dcgm-exporter,NVIDIA A16
2026-02-10 12:18:28.844,14962.0,580.95.05,dcgm-exporter-ql757,GPU-b2272d68-21df-f504-eceb-3621e0c49ba3,nvidia0,0,10.244.49.66:9400,dcgm-exporter,NVIDIA A16
2026-02-10 12:18:33.844,14962.0,580.95.05,dcgm-exporter-ql757,GPU-b2272d68-21df-f504-eceb-3621e0c49ba3,nvidia0,0,10.244.49.66:9400,dcgm-exporter,NVIDIA A16
2026-02-10 12:18:38.844,14962.0,580.95.05,dcgm-exporter-ql757,GPU-b2272d68-21df-f504-eceb-3621e0c49ba3,nvidia0,0,10.244.49.66:9400,dcgm-exporter,NVIDIA A16
2026-02-10 12:18:43.844,14962.0,580.95.05,dcgm-exporter-ql757,GPU-b2272d68-21df-f504-eceb-3621e0c49ba3,nvidia0,0,10.244.49.66:9400,dcgm-exporter,NVIDIA A16
2026-02-10 12:18:48.844,14962.0,580.95.05,dcgm-exporter-ql757,GPU-b2272d68-21df-f504-eceb-3621e0c49ba3,nvidia0,0,10.244.49.66:9400,dcgm-exporter,NVIDIA A16
2026-02-10 12:18:53.844,14962.0,580.95.05,dcgm-exporter-ql757,GPU-b2272d68-21df-f504-eceb-3621e0c49ba3,nvidia0,0,10.244.49.66:9400,dcgm-exporter,NVIDIA A16
2026-02-10 12:18:58.844,14962.0,580.95.05,dcgm-exporter-ql757,GPU-b2272d68-21df-f504-eceb-3621e0c49ba3,nvidia0,0,10.244.49.66:9400,dcgm-exporter,NVIDIA A16
2026-02-10 12:19:03.844,14962.0,580.95.05,dcgm-exporter-ql757,GPU-b2272d68-21df-f504-eceb-3621e0c49ba3,nvidia0,0,10.244.49.66:9400,dcgm-exporter,NVIDIA A16
2026-02-10 12:19:08.844,14962.0,580.95.05,dcgm-exporter-ql757,GPU-b2272d68-21df-f504-eceb-3621e0c49ba3,nvidia0,0,10.244.49.66:9400,dcgm-exporter,NVIDIA A16
2026-02-10 12:19:13.844,14962.0,580.95.05,dcgm-exporter-ql757,GPU-b2272d68-21df-f504-eceb-3621e0c49ba3,nvidia0,0,10.244.49.66:9400,dcgm-exporter,NVIDIA A16
2026-02-10 12:19:18.844,14962.0,580.95.05,dcgm-exporter-ql757,GPU-b2272d68-21df-f504-eceb-3621e0c49ba3,nvidia0,0,10.244.49.66:9400,dcgm-exporter,NVIDIA A16
2026-02-10 12:19:23.844,14962.0,580.95.05,dcgm-exporter-ql757,GPU-b2272d68-21df-f504-eceb-3621e0c49ba3,nvidia0,0,10.244.49.66:9400,dcgm-exporter,NVIDIA A16
2026-02-10 12:19:28.844,14962.0,580.95.05,dcgm-exporter-ql757,GPU-b2272d68-21df-f504-eceb-3621e0c49ba3,nvidia0,0,10.244.49.66:9400,dcgm-exporter,NVIDIA A16
2026-02-10 12:19:33.844,14962.0,580.95.05,dcgm-exporter-ql757,GPU-b2272d68-21df-f504-eceb-3621e0c49ba3,nvidia0,0,10.244.49.66:9400,dcgm-exporter,NVIDIA A16
2026-02-10 12:19:38.844,14962.0,580.95.05,dcgm-exporter-ql757,GPU-b2272d68-21df-f504-eceb-3621e0c49ba3,nvidia0,0,10.244.49.66:9400,dcgm-exporter,NVIDIA A16
2026-02-10 12:19:43.844,14962.0,580.95.05,dcgm-exporter-ql757,GPU-b2272d68-21df-f504-eceb-3621e0c49ba3,nvidia0,0,10.244.49.66:9400,dcgm-exporter,NVIDIA A16
2026-02-10 12:19:48.844,14962.0,580.95.05,dcgm-exporter-ql757,GPU-b2272d68-21df-f504-eceb-3621e0c49ba3,nvidia0,0,10.244.49.66:9400,dcgm-exporter,NVIDIA A16
2026-02-10 12:19:53.844,14962.0,580.95.05,dcgm-exporter-ql757,GPU-b2272d68-21df-f504-eceb-3621e0c49ba3,nvidia0,0,10.244.49.66:9400,dcgm-exporter,NVIDIA A16
2026-02-10 12:19:58.844,14962.0,580.95.05,dcgm-exporter-ql757,GPU-b2272d68-21df-f504-eceb-3621e0c49ba3,nvidia0,0,10.244.49.66:9400,dcgm-exporter,NVIDIA A16
2026-02-10 12:20:03.844,14962.0,580.95.05,dcgm-exporter-ql757,GPU-b2272d68-21df-f504-eceb-3621e0c49ba3,nvidia0,0,10.244.49.66:9400,dcgm-exporter,NVIDIA A16
2026-02-10 12:20:08.844,14962.0,580.95.05,dcgm-exporter-ql757,GPU-b2272d68-21df-f504-eceb-3621e0c49ba3,nvidia0,0,10.244.49.66:9400,dcgm-exporter,NVIDIA A16
2026-02-10 12:20:13.844,14962.0,580.95.05,dcgm-exporter-ql757,GPU-b2272d68-21df-f504-eceb-3621e0c49ba3,nvidia0,0,10.244.49.66:9400,dcgm-exporter,NVIDIA A16
2026-02-10 12:20:18.844,14962.0,580.95.05,dcgm-exporter-ql757,GPU-b2272d68-21df-f504-eceb-3621e0c49ba3,nvidia0,0,10.244.49.66:9400,dcgm-exporter,NVIDIA A16
2026-02-10 12:20:23.844,14962.0,580.95.05,dcgm-exporter-ql757,GPU-b2272d68-21df-f504-eceb-3621e0c49ba3,nvidia0,0,10.244.49.66:9400,dcgm-exporter,NVIDIA A16
2026-02-10 12:20:28.844,14962.0,580.95.05,dcgm-exporter-ql757,GPU-b2272d68-21df-f504-eceb-3621e0c49ba3,nvidia0,0,10.244.49.66:9400,dcgm-exporter,NVIDIA A16
2026-02-10 12:20:33.844,14962.0,580.95.05,dcgm-exporter-ql757,GPU-b2272d68-21df-f504-eceb-3621e0c49ba3,nvidia0,0,10.244.49.66:9400,dcgm-exporter,NVIDIA A16
2026-02-10 12:20:38.844,14962.0,580.95.05,dcgm-exporter-ql757,GPU-b2272d68-21df-f504-eceb-3621e0c49ba3,nvidia0,0,10.244.49.66:9400,dcgm-exporter,NVIDIA A16
2026-02-10 12:20:43.844,14962.0,580.95.05,dcgm-exporter-ql757,GPU-b2272d68-21df-f504-eceb-3621e0c49ba3,nvidia0,0,10.244.49.66:9400,dcgm-exporter,NVIDIA A16
2026-02-10 12:20:48.844,14962.0,580.95.05,dcgm-exporter-ql757,GPU-b2272d68-21df-f504-eceb-3621e0c49ba3,nvidia0,0,10.244.49.66:9400,dcgm-exporter,NVIDIA A16
2026-02-10 12:20:53.844,14962.0,580.95.05,dcgm-exporter-ql757,GPU-b2272d68-21df-f504-eceb-3621e0c49ba3,nvidia0,0,10.244.49.66:9400,dcgm-exporter,NVIDIA A16
2026-02-10 12:20:58.844,14962.0,580.95.05,dcgm-exporter-ql757,GPU-b2272d68-21df-f504-eceb-3621e0c49ba3,nvidia0,0,10.244.49.66:9400,dcgm-exporter,NVIDIA A16
2026-02-10 12:21:03.844,14962.0,580.95.05,dcgm-exporter-ql757,GPU-b2272d68-21df-f504-eceb-3621e0c49ba3,nvidia0,0,10.244.49.66:9400,dcgm-exporter,NVIDIA A16
2026-02-10 12:21:08.844,14962.0,580.95.05,dcgm-exporter-ql757,GPU-b2272d68-21df-f504-eceb-3621e0c49ba3,nvidia0,0,10.244.49.66:9400,dcgm-exporter,NVIDIA A16
2026-02-10 12:21:13.844,14962.0,580.95.05,dcgm-exporter-ql757,GPU-b2272d68-21df-f504-eceb-3621e0c49ba3,nvidia0,0,10.244.49.66:9400,dcgm-exporter,NVIDIA A16
2026-02-10 12:21:18.844,14962.0,580.95.05,dcgm-exporter-ql757,GPU-b2272d68-21df-f504-eceb-3621e0c49ba3,nvidia0,0,10.244.49.66:9400,dcgm-exporter,NVIDIA A16
2026-02-10 12:21:23.844,14962.0,580.95.05,dcgm-exporter-ql757,GPU-b2272d68-21df-f504-eceb-3621e0c49ba3,nvidia0,0,10.244.49.66:9400,dcgm-exporter,NVIDIA A16
2026-02-10 12:21:28.844,14962.0,580.95.05,dcgm-exporter-ql757,GPU-b2272d68-21df-f504-eceb-3621e0c49ba3,nvidia0,0,10.244.49.66:9400,dcgm-exporter,NVIDIA A16
2026-02-10 12:21:33.844,14962.0,580.95.05,dcgm-exporter-ql757,GPU-b2272d68-21df-f504-eceb-3621e0c49ba3,nvidia0,0,10.244.49.66:9400,dcgm-exporter,NVIDIA A16
2026-02-10 12:21:38.844,14962.0,580.95.05,dcgm-exporter-ql757,GPU-b2272d68-21df-f504-eceb-3621e0c49ba3,nvidia0,0,10.244.49.66:9400,dcgm-exporter,NVIDIA A16
2026-02-10 12:21:43.844,14962.0,580.95.05,dcgm-exporter-ql757,GPU-b2272d68-21df-f504-eceb-3621e0c49ba3,nvidia0,0,10.244.49.66:9400,dcgm-exporter,NVIDIA A16
2026-02-10 12:21:48.844,14962.0,580.95.05,dcgm-exporter-ql757,GPU-b2272d68-21df-f504-eceb-3621e0c49ba3,nvidia0,0,10.244.49.66:9400,dcgm-exporter,NVIDIA A16
2026-02-10 12:21:53.844,14962.0,580.95.05,dcgm-exporter-ql757,GPU-b2272d68-21df-f504-eceb-3621e0c49ba3,nvidia0,0,10.244.49.66:9400,dcgm-exporter,NVIDIA A16
2026-02-10 12:21:58.844,14962.0,580.95.05,dcgm-exporter-ql757,GPU-b2272d68-21df-f504-eceb-3621e0c49ba3,nvidia0,0,10.244.49.66:9400,dcgm-exporter,NVIDIA A16
2026-02-10 12:22:03.844,14962.0,580.95.05,dcgm-exporter-ql757,GPU-b2272d68-21df-f504-eceb-3621e0c49ba3,nvidia0,0,10.244.49.66:9400,dcgm-exporter,NVIDIA A16
2026-02-10 12:22:08.844,14962.0,580.95.05,dcgm-exporter-ql757,GPU-b2272d68-21df-f504-eceb-3621e0c49ba3,nvidia0,0,10.244.49.66:9400,dcgm-exporter,NVIDIA A16
2026-02-10 12:22:13.844,14962.0,580.95.05,dcgm-exporter-ql757,GPU-b2272d68-21df-f504-eceb-3621e0c49ba3,nvidia0,0,10.244.49.66:9400,dcgm-exporter,NVIDIA A16
2026-02-10 12:22:18.844,14962.0,580.95.05,dcgm-exporter-ql757,GPU-b2272d68-21df-f504-eceb-3621e0c49ba3,nvidia0,0,10.244.49.66:9400,dcgm-exporter,NVIDIA A16
2026-02-10 12:22:23.844,14962.0,580.95.05,dcgm-exporter-ql757,GPU-b2272d68-21df-f504-eceb-3621e0c49ba3,nvidia0,0,10.244.49.66:9400,dcgm-exporter,NVIDIA A16
2026-02-10 12:22:28.844,14962.0,580.95.05,dcgm-exporter-ql757,GPU-b2272d68-21df-f504-eceb-3621e0c49ba3,nvidia0,0,10.244.49.66:9400,dcgm-exporter,NVIDIA A16
2026-02-10 12:22:33.844,14962.0,580.95.05,dcgm-exporter-ql757,GPU-b2272d68-21df-f504-eceb-3621e0c49ba3,nvidia0,0,10.244.49.66:9400,dcgm-exporter,NVIDIA A16
2026-02-10 12:22:38.844,14962.0,580.95.05,dcgm-exporter-ql757,GPU-b2272d68-21df-f504-eceb-3621e0c49ba3,nvidia0,0,10.244.49.66:9400,dcgm-exporter,NVIDIA A16
2026-02-10 12:22:43.844,14962.0,580.95.05,dcgm-exporter-ql757,GPU-b2272d68-21df-f504-eceb-3621e0c49ba3,nvidia0,0,10.244.49.66:9400,dcgm-exporter,NVIDIA A16
2026-02-10 12:22:48.844,14962.0,580.95.05,dcgm-exporter-ql757,GPU-b2272d68-21df-f504-eceb-3621e0c49ba3,nvidia0,0,10.244.49.66:9400,dcgm-exporter,NVIDIA A16
2026-02-10 12:22:53.844,14962.0,580.95.05,dcgm-exporter-ql757,GPU-b2272d68-21df-f504-eceb-3621e0c49ba3,nvidia0,0,10.244.49.66:9400,dcgm-exporter,NVIDIA A16
2026-02-10 12:22:58.844,14962.0,580.95.05,dcgm-exporter-ql757,GPU-b2272d68-21df-f504-eceb-3621e0c49ba3,nvidia0,0,10.244.49.66:9400,dcgm-exporter,NVIDIA A16
2026-02-10 12:23:03.844,14962.0,580.95.05,dcgm-exporter-ql757,GPU-b2272d68-21df-f504-eceb-3621e0c49ba3,nvidia0,0,10.244.49.66:9400,dcgm-exporter,NVIDIA A16
2026-02-10 12:23:08.844,14962.0,580.95.05,dcgm-exporter-ql757,GPU-b2272d68-21df-f504-eceb-3621e0c49ba3,nvidia0,0,10.244.49.66:9400,dcgm-exporter,NVIDIA A16
2026-02-10 12:23:13.844,14962.0,580.95.05,dcgm-exporter-ql757,GPU-b2272d68-21df-f504-eceb-3621e0c49ba3,nvidia0,0,10.244.49.66:9400,dcgm-exporter,NVIDIA A16
2026-02-10 12:23:18.844,14962.0,580.95.05,dcgm-exporter-ql757,GPU-b2272d68-21df-f504-eceb-3621e0c49ba3,nvidia0,0,10.244.49.66:9400,dcgm-exporter,NVIDIA A16
2026-02-10 12:23:23.844,14962.0,580.95.05,dcgm-exporter-ql757,GPU-b2272d68-21df-f504-eceb-3621e0c49ba3,nvidia0,0,10.244.49.66:9400,dcgm-exporter,NVIDIA A16
2026-02-10 12:23:28.844,14962.0,580.95.05,dcgm-exporter-ql757,GPU-b2272d68-21df-f504-eceb-3621e0c49ba3,nvidia0,0,10.244.49.66:9400,dcgm-exporter,NVIDIA A16
2026-02-10 12:23:33.844,14962.0,580.95.05,dcgm-exporter-ql757,GPU-b2272d68-21df-f504-eceb-3621e0c49ba3,nvidia0,0,10.244.49.66:9400,dcgm-exporter,NVIDIA A16
2026-02-10 12:23:38.844,14962.0,580.95.05,dcgm-exporter-ql757,GPU-b2272d68-21df-f504-eceb-3621e0c49ba3,nvidia0,0,10.244.49.66:9400,dcgm-exporter,NVIDIA A16
2026-02-10 12:23:43.844,14962.0,580.95.05,dcgm-exporter-ql757,GPU-b2272d68-21df-f504-eceb-3621e0c49ba3,nvidia0,0,10.244.49.66:9400,dcgm-exporter,NVIDIA A16
2026-02-10 12:23:48.844,14962.0,580.95.05,dcgm-exporter-ql757,GPU-b2272d68-21df-f504-eceb-3621e0c49ba3,nvidia0,0,10.244.49.66:9400,dcgm-exporter,NVIDIA A16
2026-02-10 12:23:53.844,14962.0,580.95.05,dcgm-exporter-ql757,GPU-b2272d68-21df-f504-eceb-3621e0c49ba3,nvidia0,0,10.244.49.66:9400,dcgm-exporter,NVIDIA A16
2026-02-10 12:23:58.844,14962.0,580.95.05,dcgm-exporter-ql757,GPU-b2272d68-21df-f504-eceb-3621e0c49ba3,nvidia0,0,10.244.49.66:9400,dcgm-exporter,NVIDIA A16
2026-02-10 12:24:03.844,14962.0,580.95.05,dcgm-exporter-ql757,GPU-b2272d68-21df-f504-eceb-3621e0c49ba3,nvidia0,0,10.244.49.66:9400,dcgm-exporter,NVIDIA A16
2026-02-10 12:24:08.844,14962.0,580.95.05,dcgm-exporter-ql757,GPU-b2272d68-21df-f504-eceb-3621e0c49ba3,nvidia0,0,10.244.49.66:9400,dcgm-exporter,NVIDIA A16
2026-02-10 12:24:13.844,14962.0,580.95.05,dcgm-exporter-ql757,GPU-b2272d68-21df-f504-eceb-3621e0c49ba3,nvidia0,0,10.244.49.66:9400,dcgm-exporter,NVIDIA A16
2026-02-10 12:24:18.844,14962.0,580.95.05,dcgm-exporter-ql757,GPU-b2272d68-21df-f504-eceb-3621e0c49ba3,nvidia0,0,10.244.49.66:9400,dcgm-exporter,NVIDIA A16
2026-02-10 12:24:23.844,14962.0,580.95.05,dcgm-exporter-ql757,GPU-b2272d68-21df-f504-eceb-3621e0c49ba3,nvidia0,0,10.244.49.66:9400,dcgm-exporter,NVIDIA A16
2026-02-10 12:24:28.844,14962.0,580.95.05,dcgm-exporter-ql757,GPU-b2272d68-21df-f504-eceb-3621e0c49ba3,nvidia0,0,10.244.49.66:9400,dcgm-exporter,NVIDIA A16
2026-02-10 12:24:33.844,14962.0,580.95.05,dcgm-exporter-ql757,GPU-b2272d68-21df-f504-eceb-3621e0c49ba3,nvidia0,0,10.244.49.66:9400,dcgm-exporter,NVIDIA A16
2026-02-10 12:24:38.844,14962.0,580.95.05,dcgm-exporter-ql757,GPU-b2272d68-21df-f504-eceb-3621e0c49ba3,nvidia0,0,10.244.49.66:9400,dcgm-exporter,NVIDIA A16
2026-02-10 12:24:43.844,14962.0,580.95.05,dcgm-exporter-ql757,GPU-b2272d68-21df-f504-eceb-3621e0c49ba3,nvidia0,0,10.244.49.66:9400,dcgm-exporter,NVIDIA A16
2026-02-10 12:24:48.844,14962.0,580.95.05,dcgm-exporter-ql757,GPU-b2272d68-21df-f504-eceb-3621e0c49ba3,nvidia0,0,10.244.49.66:9400,dcgm-exporter,NVIDIA A16
2026-02-10 12:24:53.844,14962.0,580.95.05,dcgm-exporter-ql757,GPU-b2272d68-21df-f504-eceb-3621e0c49ba3,nvidia0,0,10.244.49.66:9400,dcgm-exporter,NVIDIA A16
2026-02-10 12:24:58.844,14962.0,580.95.05,dcgm-exporter-ql757,GPU-b2272d68-21df-f504-eceb-3621e0c49ba3,nvidia0,0,10.244.49.66:9400,dcgm-exporter,NVIDIA A16
2026-02-10 12:25:03.844,14962.0,580.95.05,dcgm-exporter-ql757,GPU-b2272d68-21df-f504-eceb-3621e0c49ba3,nvidia0,0,10.244.49.66:9400,dcgm-exporter,NVIDIA A16
2026-02-10 12:25:08.844,14962.0,580.95.05,dcgm-exporter-ql757,GPU-b2272d68-21df-f504-eceb-3621e0c49ba3,nvidia0,0,10.244.49.66:9400,dcgm-exporter,NVIDIA A16
2026-02-10 12:25:13.844,14962.0,580.95.05,dcgm-exporter-ql757,GPU-b2272d68-21df-f504-eceb-3621e0c49ba3,nvidia0,0,10.244.49.66:9400,dcgm-exporter,NVIDIA A16
2026-02-10 12:25:18.844,14962.0,580.95.05,dcgm-exporter-ql757,GPU-b2272d68-21df-f504-eceb-3621e0c49ba3,nvidia0,0,10.244.49.66:9400,dcgm-exporter,NVIDIA A16
2026-02-10 12:25:23.844,14962.0,580.95.05,dcgm-exporter-ql757,GPU-b2272d68-21df-f504-eceb-3621e0c49ba3,nvidia0,0,10.244.49.66:9400,dcgm-exporter,NVIDIA A16
2026-02-10 12:25:28.844,14962.0,580.95.05,dcgm-exporter-ql757,GPU-b2272d68-21df-f504-eceb-3621e0c49ba3,nvidia0,0,10.244.49.66:9400,dcgm-exporter,NVIDIA A16
2026-02-10 12:25:33.844,14962.0,580.95.05,dcgm-exporter-ql757,GPU-b2272d68-21df-f504-eceb-3621e0c49ba3,nvidia0,0,10.244.49.66:9400,dcgm-exporter,NVIDIA A16
2026-02-10 12:25:38.844,14962.0,580.95.05,dcgm-exporter-ql757,GPU-b2272d68-21df-f504-eceb-3621e0c49ba3,nvidia0,0,10.244.49.66:9400,dcgm-exporter,NVIDIA A16
2026-02-10 12:25:43.844,14962.0,580.95.05,dcgm-exporter-ql757,GPU-b2272d68-21df-f504-eceb-3621e0c49ba3,nvidia0,0,10.244.49.66:9400,dcgm-exporter,NVIDIA A16
2026-02-10 12:25:48.844,14962.0,580.95.05,dcgm-exporter-ql757,GPU-b2272d68-21df-f504-eceb-3621e0c49ba3,nvidia0,0,10.244.49.66:9400,dcgm-exporter,NVIDIA A16
2026-02-10 12:25:53.844,14962.0,580.95.05,dcgm-exporter-ql757,GPU-b2272d68-21df-f504-eceb-3621e0c49ba3,nvidia0,0,10.244.49.66:9400,dcgm-exporter,NVIDIA A16
2026-02-10 12:25:58.844,14962.0,580.95.05,dcgm-exporter-ql757,GPU-b2272d68-21df-f504-eceb-3621e0c49ba3,nvidia0,0,10.244.49.66:9400,dcgm-exporter,NVIDIA A16
2026-02-10 12:26:03.844,14962.0,580.95.05,dcgm-exporter-ql757,GPU-b2272d68-21df-f504-eceb-3621e0c49ba3,nvidia0,0,10.244.49.66:9400,dcgm-exporter,NVIDIA A16
2026-02-10 12:26:08.844,14962.0,580.95.05,dcgm-exporter-ql757,GPU-b2272d68-21df-f504-eceb-3621e0c49ba3,nvidia0,0,10.244.49.66:9400,dcgm-exporter,NVIDIA A16
2026-02-10 12:26:13.844,14962.0,580.95.05,dcgm-exporter-ql757,GPU-b2272d68-21df-f504-eceb-3621e0c49ba3,nvidia0,0,10.244.49.66:9400,dcgm-exporter,NVIDIA A16
2026-02-10 12:26:18.844,14962.0,580.95.05,dcgm-exporter-ql757,GPU-b2272d68-21df-f504-eceb-3621e0c49ba3,nvidia0,0,10.244.49.66:9400,dcgm-exporter,NVIDIA A16
2026-02-10 12:26:23.844,14962.0,580.95.05,dcgm-exporter-ql757,GPU-b2272d68-21df-f504-eceb-3621e0c49ba3,nvidia0,0,10.244.49.66:9400,dcgm-exporter,NVIDIA A16
2026-02-10 12:26:28.844,14962.0,580.95.05,dcgm-exporter-ql757,GPU-b2272d68-21df-f504-eceb-3621e0c49ba3,nvidia0,0,10.244.49.66:9400,dcgm-exporter,NVIDIA A16
2026-02-10 12:26:33.844,14962.0,580.95.05,dcgm-exporter-ql757,GPU-b2272d68-21df-f504-eceb-3621e0c49ba3,nvidia0,0,10.244.49.66:9400,dcgm-exporter,NVIDIA A16
2026-02-10 12:26:38.844,14962.0,580.95.05,dcgm-exporter-ql757,GPU-b2272d68-21df-f504-eceb-3621e0c49ba3,nvidia0,0,10.244.49.66:9400,dcgm-exporter,NVIDIA A16
2026-02-10 12:26:43.844,14962.0,580.95.05,dcgm-exporter-ql757,GPU-b2272d68-21df-f504-eceb-3621e0c49ba3,nvidia0,0,10.244.49.66:9400,dcgm-exporter,NVIDIA A16
2026-02-10 12:26:48.844,14962.0,580.95.05,dcgm-exporter-ql757,GPU-b2272d68-21df-f504-eceb-3621e0c49ba3,nvidia0,0,10.244.49.66:9400,dcgm-exporter,NVIDIA A16
2026-02-10 12:26:53.844,14962.0,580.95.05,dcgm-exporter-ql757,GPU-b2272d68-21df-f504-eceb-3621e0c49ba3,nvidia0,0,10.244.49.66:9400,dcgm-exporter,NVIDIA A16
2026-02-10 12:26:58.844,14962.0,580.95.05,dcgm-exporter-ql757,GPU-b2272d68-21df-f504-eceb-3621e0c49ba3,nvidia0,0,10.244.49.66:9400,dcgm-exporter,NVIDIA A16
2026-02-10 12:27:03.844,14962.0,580.95.05,dcgm-exporter-ql757,GPU-b2272d68-21df-f504-eceb-3621e0c49ba3,nvidia0,0,10.244.49.66:9400,dcgm-exporter,NVIDIA A16
2026-02-10 12:27:08.844,14962.0,580.95.05,dcgm-exporter-ql757,GPU-b2272d68-21df-f504-eceb-3621e0c49ba3,nvidia0,0,10.244.49.66:9400,dcgm-exporter,NVIDIA A16
2026-02-10 12:27:13.844,14962.0,580.95.05,dcgm-exporter-ql757,GPU-b2272d68-21df-f504-eceb-3621e0c49ba3,nvidia0,0,10.244.49.66:9400,dcgm-exporter,NVIDIA A16
2026-02-10 12:27:18.844,14962.0,580.95.05,dcgm-exporter-ql757,GPU-b2272d68-21df-f504-eceb-3621e0c49ba3,nvidia0,0,10.244.49.66:9400,dcgm-exporter,NVIDIA A16
2026-02-10 12:27:23.844,14962.0,580.95.05,dcgm-exporter-ql757,GPU-b2272d68-21df-f504-eceb-3621e0c49ba3,nvidia0,0,10.244.49.66:9400,dcgm-exporter,NVIDIA A16
2026-02-10 12:27:28.844,14962.0,580.95.05,dcgm-exporter-ql757,GPU-b2272d68-21df-f504-eceb-3621e0c49ba3,nvidia0,0,10.244.49.66:9400,dcgm-exporter,NVIDIA A16
2026-02-10 12:27:33.844,14962.0,580.95.05,dcgm-exporter-ql757,GPU-b2272d68-21df-f504-eceb-3621e0c49ba3,nvidia0,0,10.244.49.66:9400,dcgm-exporter,NVIDIA A16
2026-02-10 12:27:38.844,14962.0,580.95.05,dcgm-exporter-ql757,GPU-b2272d68-21df-f504-eceb-3621e0c49ba3,nvidia0,0,10.244.49.66:9400,dcgm-exporter,NVIDIA A16
2026-02-10 12:27:43.844,14962.0,580.95.05,dcgm-exporter-ql757,GPU-b2272d68-21df-f504-eceb-3621e0c49ba3,nvidia0,0,10.244.49.66:9400,dcgm-exporter,NVIDIA A16
2026-02-10 12:27:48.844,14962.0,580.95.05,dcgm-exporter-ql757,GPU-b2272d68-21df-f504-eceb-3621e0c49ba3,nvidia0,0,10.244.49.66:9400,dcgm-exporter,NVIDIA A16
2026-02-10 12:27:53.844,14962.0,580.95.05,dcgm-exporter-ql757,GPU-b2272d68-21df-f504-eceb-3621e0c49ba3,nvidia0,0,10.244.49.66:9400,dcgm-exporter,NVIDIA A16
2026-02-10 12:27:58.844,14962.0,580.95.05,dcgm-exporter-ql757,GPU-b2272d68-21df-f504-eceb-3621e0c49ba3,nvidia0,0,10.244.49.66:9400,dcgm-exporter,NVIDIA A16
2026-02-10 12:28:03.844,14962.0,580.95.05,dcgm-exporter-ql757,GPU-b2272d68-21df-f504-eceb-3621e0c49ba3,nvidia0,0,10.244.49.66:9400,dcgm-exporter,NVIDIA A16
2026-02-10 12:28:08.844,14962.0,580.95.05,dcgm-exporter-ql757,GPU-b2272d68-21df-f504-eceb-3621e0c49ba3,nvidia0,0,10.244.49.66:9400,dcgm-exporter,NVIDIA A16
2026-02-10 12:28:13.844,14962.0,580.95.05,dcgm-exporter-ql757,GPU-b2272d68-21df-f504-eceb-3621e0c49ba3,nvidia0,0,10.244.49.66:9400,dcgm-exporter,NVIDIA A16
2026-02-10 12:28:18.844,14962.0,580.95.05,dcgm-exporter-ql757,GPU-b2272d68-21df-f504-eceb-3621e0c49ba3,nvidia0,0,10.244.49.66:9400,dcgm-exporter,NVIDIA A16
2026-02-10 12:28:23.844,14962.0,580.95.05,dcgm-exporter-ql757,GPU-b2272d68-21df-f504-eceb-3621e0c49ba3,nvidia0,0,10.244.49.66:9400,dcgm-exporter,NVIDIA A16
2026-02-10 12:28:28.844,14962.0,580.95.05,dcgm-exporter-ql757,GPU-b2272d68-21df-f504-eceb-3621e0c49ba3,nvidia0,0,10.244.49.66:9400,dcgm-exporter,NVIDIA A16
2026-02-10 12:28:33.844,14962.0,580.95.05,dcgm-exporter-ql757,GPU-b2272d68-21df-f504-eceb-3621e0c49ba3,nvidia0,0,10.244.49.66:9400,dcgm-exporter,NVIDIA A16
2026-02-10 12:28:38.844,14962.0,580.95.05,dcgm-exporter-ql757,GPU-b2272d68-21df-f504-eceb-3621e0c49ba3,nvidia0,0,10.244.49.66:9400,dcgm-exporter,NVIDIA A16
2026-02-10 12:28:43.844,14962.0,580.95.05,dcgm-exporter-ql757,GPU-b2272d68-21df-f504-eceb-3621e0c49ba3,nvidia0,0,10.244.49.66:9400,dcgm-exporter,NVIDIA A16
2026-02-10 12:28:48.844,14962.0,580.95.05,dcgm-exporter-ql757,GPU-b2272d68-21df-f504-eceb-3621e0c49ba3,nvidia0,0,10.244.49.66:9400,dcgm-exporter,NVIDIA A16
2026-02-10 12:28:53.844,14962.0,580.95.05,dcgm-exporter-ql757,GPU-b2272d68-21df-f504-eceb-3621e0c49ba3,nvidia0,0,10.244.49.66:9400,dcgm-exporter,NVIDIA A16
2026-02-10 12:28:58.844,14962.0,580.95.05,dcgm-exporter-ql757,GPU-b2272d68-21df-f504-eceb-3621e0c49ba3,nvidia0,0,10.244.49.66:9400,dcgm-exporter,NVIDIA A16
2026-02-10 12:29:03.844,14962.0,580.95.05,dcgm-exporter-ql757,GPU-b2272d68-21df-f504-eceb-3621e0c49ba3,nvidia0,0,10.244.49.66:9400,dcgm-exporter,NVIDIA A16
2026-02-10 12:29:08.844,14962.0,580.95.05,dcgm-exporter-ql757,GPU-b2272d68-21df-f504-eceb-3621e0c49ba3,nvidia0,0,10.244.49.66:9400,dcgm-exporter,NVIDIA A16
2026-02-10 12:29:13.844,14962.0,580.95.05,dcgm-exporter-ql757,GPU-b2272d68-21df-f504-eceb-3621e0c49ba3,nvidia0,0,10.244.49.66:9400,dcgm-exporter,NVIDIA A16
2026-02-10 12:29:18.844,14962.0,580.95.05,dcgm-exporter-ql757,GPU-b2272d68-21df-f504-eceb-3621e0c49ba3,nvidia0,0,10.244.49.66:9400,dcgm-exporter,NVIDIA A16
2026-02-10 12:29:23.844,14962.0,580.95.05,dcgm-exporter-ql757,GPU-b2272d68-21df-f504-eceb-3621e0c49ba3,nvidia0,0,10.244.49.66:9400,dcgm-exporter,NVIDIA A16
2026-02-10 12:29:28.844,14962.0,580.95.05,dcgm-exporter-ql757,GPU-b2272d68-21df-f504-eceb-3621e0c49ba3,nvidia0,0,10.244.49.66:9400,dcgm-exporter,NVIDIA A16
2026-02-10 12:29:33.844,14962.0,580.95.05,dcgm-exporter-ql757,GPU-b2272d68-21df-f504-eceb-3621e0c49ba3,nvidia0,0,10.244.49.66:9400,dcgm-exporter,NVIDIA A16
2026-02-10 12:29:38.844,14962.0,580.95.05,dcgm-exporter-ql757,GPU-b2272d68-21df-f504-eceb-3621e0c49ba3,nvidia0,0,10.244.49.66:9400,dcgm-exporter,NVIDIA A16
2026-02-10 12:29:43.844,14962.0,580.95.05,dcgm-exporter-ql757,GPU-b2272d68-21df-f504-eceb-3621e0c49ba3,nvidia0,0,10.244.49.66:9400,dcgm-exporter,NVIDIA A16
2026-02-10 12:29:48.844,14962.0,580.95.05,dcgm-exporter-ql757,GPU-b2272d68-21df-f504-eceb-3621e0c49ba3,nvidia0,0,10.244.49.66:9400,dcgm-exporter,NVIDIA A16
2026-02-10 12:29:53.844,14962.0,580.95.05,dcgm-exporter-ql757,GPU-b2272d68-21df-f504-eceb-3621e0c49ba3,nvidia0,0,10.244.49.66:9400,dcgm-exporter,NVIDIA A16
2026-02-10 12:29:58.844,14962.0,580.95.05,dcgm-exporter-ql757,GPU-b2272d68-21df-f504-eceb-3621e0c49ba3,nvidia0,0,10.244.49.66:9400,dcgm-exporter,NVIDIA A16
2026-02-10 12:30:03.844,14962.0,580.95.05,dcgm-exporter-ql757,GPU-b2272d68-21df-f504-eceb-3621e0c49ba3,nvidia0,0,10.244.49.66:9400,dcgm-exporter,NVIDIA A16
2026-02-10 12:30:08.844,14962.0,580.95.05,dcgm-exporter-ql757,GPU-b2272d68-21df-f504-eceb-3621e0c49ba3,nvidia0,0,10.244.49.66:9400,dcgm-exporter,NVIDIA A16
2026-02-10 12:30:13.844,14962.0,580.95.05,dcgm-exporter-ql757,GPU-b2272d68-21df-f504-eceb-3621e0c49ba3,nvidia0,0,10.244.49.66:9400,dcgm-exporter,NVIDIA A16
2026-02-10 12:30:18.844,14962.0,580.95.05,dcgm-exporter-ql757,GPU-b2272d68-21df-f504-eceb-3621e0c49ba3,nvidia0,0,10.244.49.66:9400,dcgm-exporter,NVIDIA A16
2026-02-10 12:30:23.844,14962.0,580.95.05,dcgm-exporter-ql757,GPU-b2272d68-21df-f504-eceb-3621e0c49ba3,nvidia0,0,10.244.49.66:9400,dcgm-exporter,NVIDIA A16
2026-02-10 12:30:28.844,14962.0,580.95.05,dcgm-exporter-ql757,GPU-b2272d68-21df-f504-eceb-3621e0c49ba3,nvidia0,0,10.244.49.66:9400,dcgm-exporter,NVIDIA A16
2026-02-10 12:30:33.844,14962.0,580.95.05,dcgm-exporter-ql757,GPU-b2272d68-21df-f504-eceb-3621e0c49ba3,nvidia0,0,10.244.49.66:9400,dcgm-exporter,NVIDIA A16
2026-02-10 12:30:38.844,14962.0,580.95.05,dcgm-exporter-ql757,GPU-b2272d68-21df-f504-eceb-3621e0c49ba3,nvidia0,0,10.244.49.66:9400,dcgm-exporter,NVIDIA A16
2026-02-10 12:30:43.844,14962.0,580.95.05,dcgm-exporter-ql757,GPU-b2272d68-21df-f504-eceb-3621e0c49ba3,nvidia0,0,10.244.49.66:9400,dcgm-exporter,NVIDIA A16
2026-02-10 12:30:48.844,14962.0,580.95.05,dcgm-exporter-ql757,GPU-b2272d68-21df-f504-eceb-3621e0c49ba3,nvidia0,0,10.244.49.66:9400,dcgm-exporter,NVIDIA A16
2026-02-10 12:30:53.844,14962.0,580.95.05,dcgm-exporter-ql757,GPU-b2272d68-21df-f504-eceb-3621e0c49ba3,nvidia0,0,10.244.49.66:9400,dcgm-exporter,NVIDIA A16
2026-02-10 12:30:58.844,14962.0,580.95.05,dcgm-exporter-ql757,GPU-b2272d68-21df-f504-eceb-3621e0c49ba3,nvidia0,0,10.244.49.66:9400,dcgm-exporter,NVIDIA A16
2026-02-10 12:31:03.844,14962.0,580.95.05,dcgm-exporter-ql757,GPU-b2272d68-21df-f504-eceb-3621e0c49ba3,nvidia0,0,10.244.49.66:9400,dcgm-exporter,NVIDIA A16
2026-02-10 12:31:08.844,14962.0,580.95.05,dcgm-exporter-ql757,GPU-b2272d68-21df-f504-eceb-3621e0c49ba3,nvidia0,0,10.244.49.66:9400,dcgm-exporter,NVIDIA A16
2026-02-10 12:31:13.844,14962.0,580.95.05,dcgm-exporter-ql757,GPU-b2272d68-21df-f504-eceb-3621e0c49ba3,nvidia0,0,10.244.49.66:9400,dcgm-exporter,NVIDIA A16
2026-02-10 12:31:18.844,14962.0,580.95.05,dcgm-exporter-ql757,GPU-b2272d68-21df-f504-eceb-3621e0c49ba3,nvidia0,0,10.244.49.66:9400,dcgm-exporter,NVIDIA A16
2026-02-10 12:31:23.844,14962.0,580.95.05,dcgm-exporter-ql757,GPU-b2272d68-21df-f504-eceb-3621e0c49ba3,nvidia0,0,10.244.49.66:9400,dcgm-exporter,NVIDIA A16
2026-02-10 12:31:28.844,14962.0,580.95.05,dcgm-exporter-ql757,GPU-b2272d68-21df-f504-eceb-3621e0c49ba3,nvidia0,0,10.244.49.66:9400,dcgm-exporter,NVIDIA A16
2026-02-10 12:31:33.844,14962.0,580.95.05,dcgm-exporter-ql757,GPU-b2272d68-21df-f504-eceb-3621e0c49ba3,nvidia0,0,10.244.49.66:9400,dcgm-exporter,NVIDIA A16
2026-02-10 12:31:38.844,14962.0,580.95.05,dcgm-exporter-ql757,GPU-b2272d68-21df-f504-eceb-3621e0c49ba3,nvidia0,0,10.244.49.66:9400,dcgm-exporter,NVIDIA A16
2026-02-10 12:31:43.844,14962.0,580.95.05,dcgm-exporter-ql757,GPU-b2272d68-21df-f504-eceb-3621e0c49ba3,nvidia0,0,10.244.49.66:9400,dcgm-exporter,NVIDIA A16
2026-02-10 12:31:48.844,14962.0,580.95.05,dcgm-exporter-ql757,GPU-b2272d68-21df-f504-eceb-3621e0c49ba3,nvidia0,0,10.244.49.66:9400,dcgm-exporter,NVIDIA A16
2026-02-10 12:31:53.844,14962.0,580.95.05,dcgm-exporter-ql757,GPU-b2272d68-21df-f504-eceb-3621e0c49ba3,nvidia0,0,10.244.49.66:9400,dcgm-exporter,NVIDIA A16
2026-02-10 12:31:58.844,14962.0,580.95.05,dcgm-exporter-ql757,GPU-b2272d68-21df-f504-eceb-3621e0c49ba3,nvidia0,0,10.244.49.66:9400,dcgm-exporter,NVIDIA A16
2026-02-10 12:32:03.844,14962.0,580.95.05,dcgm-exporter-ql757,GPU-b2272d68-21df-f504-eceb-3621e0c49ba3,nvidia0,0,10.244.49.66:9400,dcgm-exporter,NVIDIA A16
2026-02-10 12:32:08.844,14962.0,580.95.05,dcgm-exporter-ql757,GPU-b2272d68-21df-f504-eceb-3621e0c49ba3,nvidia0,0,10.244.49.66:9400,dcgm-exporter,NVIDIA A16
2026-02-10 12:32:13.844,14962.0,580.95.05,dcgm-exporter-ql757,GPU-b2272d68-21df-f504-eceb-3621e0c49ba3,nvidia0,0,10.244.49.66:9400,dcgm-exporter,NVIDIA A16
2026-02-10 12:32:18.844,14962.0,580.95.05,dcgm-exporter-ql757,GPU-b2272d68-21df-f504-eceb-3621e0c49ba3,nvidia0,0,10.244.49.66:9400,dcgm-exporter,NVIDIA A16
2026-02-10 12:32:23.844,14962.0,580.95.05,dcgm-exporter-ql757,GPU-b2272d68-21df-f504-eceb-3621e0c49ba3,nvidia0,0,10.244.49.66:9400,dcgm-exporter,NVIDIA A16
2026-02-10 12:32:28.844,14962.0,580.95.05,dcgm-exporter-ql757,GPU-b2272d68-21df-f504-eceb-3621e0c49ba3,nvidia0,0,10.244.49.66:9400,dcgm-exporter,NVIDIA A16
2026-02-10 12:32:33.844,14962.0,580.95.05,dcgm-exporter-ql757,GPU-b2272d68-21df-f504-eceb-3621e0c49ba3,nvidia0,0,10.244.49.66:9400,dcgm-exporter,NVIDIA A16
2026-02-10 12:32:38.844,14962.0,580.95.05,dcgm-exporter-ql757,GPU-b2272d68-21df-f504-eceb-3621e0c49ba3,nvidia0,0,10.244.49.66:9400,dcgm-exporter,NVIDIA A16
2026-02-10 12:32:43.844,14962.0,580.95.05,dcgm-exporter-ql757,GPU-b2272d68-21df-f504-eceb-3621e0c49ba3,nvidia0,0,10.244.49.66:9400,dcgm-exporter,NVIDIA A16
2026-02-10 12:32:48.844,14962.0,580.95.05,dcgm-exporter-ql757,GPU-b2272d68-21df-f504-eceb-3621e0c49ba3,nvidia0,0,10.244.49.66:9400,dcgm-exporter,NVIDIA A16
2026-02-10 12:32:53.844,14962.0,580.95.05,dcgm-exporter-ql757,GPU-b2272d68-21df-f504-eceb-3621e0c49ba3,nvidia0,0,10.244.49.66:9400,dcgm-exporter,NVIDIA A16
2026-02-10 12:32:58.844,14962.0,580.95.05,dcgm-exporter-ql757,GPU-b2272d68-21df-f504-eceb-3621e0c49ba3,nvidia0,0,10.244.49.66:9400,dcgm-exporter,NVIDIA A16
2026-02-10 12:33:03.844,14962.0,580.95.05,dcgm-exporter-ql757,GPU-b2272d68-21df-f504-eceb-3621e0c49ba3,nvidia0,0,10.244.49.66:9400,dcgm-exporter,NVIDIA A16
2026-02-10 12:33:08.844,14962.0,580.95.05,dcgm-exporter-ql757,GPU-b2272d68-21df-f504-eceb-3621e0c49ba3,nvidia0,0,10.244.49.66:9400,dcgm-exporter,NVIDIA A16
2026-02-10 12:33:13.844,14962.0,580.95.05,dcgm-exporter-ql757,GPU-b2272d68-21df-f504-eceb-3621e0c49ba3,nvidia0,0,10.244.49.66:9400,dcgm-exporter,NVIDIA A16
2026-02-10 12:33:18.844,14962.0,580.95.05,dcgm-exporter-ql757,GPU-b2272d68-21df-f504-eceb-3621e0c49ba3,nvidia0,0,10.244.49.66:9400,dcgm-exporter,NVIDIA A16
2026-02-10 12:33:23.844,14962.0,580.95.05,dcgm-exporter-ql757,GPU-b2272d68-21df-f504-eceb-3621e0c49ba3,nvidia0,0,10.244.49.66:9400,dcgm-exporter,NVIDIA A16
2026-02-10 12:33:28.844,14962.0,580.95.05,dcgm-exporter-ql757,GPU-b2272d68-21df-f504-eceb-3621e0c49ba3,nvidia0,0,10.244.49.66:9400,dcgm-exporter,NVIDIA A16
2026-02-10 12:33:33.844,14962.0,580.95.05,dcgm-exporter-ql757,GPU-b2272d68-21df-f504-eceb-3621e0c49ba3,nvidia0,0,10.244.49.66:9400,dcgm-exporter,NVIDIA A16
2026-02-10 12:33:38.844,14962.0,580.95.05,dcgm-exporter-ql757,GPU-b2272d68-21df-f504-eceb-3621e0c49ba3,nvidia0,0,10.244.49.66:9400,dcgm-exporter,NVIDIA A16
2026-02-10 12:33:43.844,14962.0,580.95.05,dcgm-exporter-ql757,GPU-b2272d68-21df-f504-eceb-3621e0c49ba3,nvidia0,0,10.244.49.66:9400,dcgm-exporter,NVIDIA A16
2026-02-10 12:33:48.844,14962.0,580.95.05,dcgm-exporter-ql757,GPU-b2272d68-21df-f504-eceb-3621e0c49ba3,nvidia0,0,10.244.49.66:9400,dcgm-exporter,NVIDIA A16
2026-02-10 12:33:53.844,14962.0,580.95.05,dcgm-exporter-ql757,GPU-b2272d68-21df-f504-eceb-3621e0c49ba3,nvidia0,0,10.244.49.66:9400,dcgm-exporter,NVIDIA A16
2026-02-10 12:33:58.844,14962.0,580.95.05,dcgm-exporter-ql757,GPU-b2272d68-21df-f504-eceb-3621e0c49ba3,nvidia0,0,10.244.49.66:9400,dcgm-exporter,NVIDIA A16
2026-02-10 12:34:03.844,14962.0,580.95.05,dcgm-exporter-ql757,GPU-b2272d68-21df-f504-eceb-3621e0c49ba3,nvidia0,0,10.244.49.66:9400,dcgm-exporter,NVIDIA A16
